2198
0	0	-0
0.01	0.674958	-30.3482
0.02	2.85359	-121.033
0.03	6.76564	-271.476
0.04	12.6396	-481.053
0.05	20.7026	-749.086
0.06	31.1802	-1074.85
0.07	44.2964	-1457.58
0.08	60.2736	-1896.45
0.09	79.3322	-2390.59
0.1	101.691	-2939.09
0.11	127.566	-3540.99
0.12	157.172	-4195.28
0.13	190.72	-4900.9
0.14	228.422	-5656.75
0.15	270.483	-6461.7
0.16	317.109	-7314.55
0.17	368.502	-8214.07
0.18	424.86	-9158.99
0.19	486.381	-10148
0.2	553.257	-11179.7
0.21	625.68	-12252.7
0.22	703.835	-13365.6
0.23	787.907	-14516.8
0.24	878.077	-15705
0.25	974.521	-16928.4
0.26	1077.41	-18185.5
0.27	1186.92	-19474.7
0.28	1303.22	-20794.2
0.29	1426.46	-22142.5
0.3	1556.8	-23517.6
0.31	1694.4	-24917.9
0.32	1839.42	-26341.5
0.33	1991.98	-27786.5
0.34	2152.25	-29251.2
0.35	2320.34	-30733.5
0.36	2496.41	-32231.5
0.37	2680.57	-33743.3
0.38	2872.95	-35266.8
0.39	3073.67	-36800
0.4	3282.85	-38340.8
0.41	3500.58	-39887.2
0.42	3726.99	-41437.1
0.43	3962.17	-42988.3
0.44	4206.2	-44538.5
0.45	4459.2	-46085.8
0.46	4721.23	-47627.8
0.47	4992.38	-49162.3
0.48	5272.72	-50687
0.49	5562.33	-52199.8
0.5	5861.26	-53698.3
0.51	6169.58	-55180.2
0.52	6487.34	-56643.1
0.53	6814.58	-58084.8
0.54	7151.35	-59502.9
0.55	7497.68	-60895.1
0.56	7853.61	-62258.9
0.57	8219.16	-63591.9
0.58	8594.34	-64891.9
0.59	8979.18	-66156.3
0.6	9373.69	-67382.8
0.61	9777.85	-68568.9
0.62	10191.7	-69712.2
0.63	10615.2	-70810.2
0.64	11048.3	-71860.6
0.65	11491	-72861
0.66	11943.3	-73808.7
0.67	12405.2	-74701.5
0.68	12876.6	-75536.8
0.69	13357.4	-76312.3
0.7	13847.7	-77025.5
0.71	14347.3	-77673.9
0.72	14856.2	-78255.2
0.73	15374.4	-78766.9
0.74	15901.7	-79206.6
0.75	16438.1	-79571.8
0.76	16983.4	-79860.3
0.77	17537.7	-80069.6
0.78	18100.8	-80197.3
0.79	18672.5	-80241
0.8	19252.8	-80198.5
0.81	19841.6	-80067.3
0.82	20438.7	-79845.2
0.83	21044	-79529.9
0.84	21657.4	-79119
0.85	22278.8	-78610.3
0.86	22907.9	-78001.6
0.87	23544.6	-77290.6
0.88	24188.9	-76475.1
0.89	24840.4	-75552.9
0.9	25499.1	-74522
0.91	26164.7	-73380.1
0.92	26837.2	-72125.1
0.93	27516.2	-70755.1
0.94	28201.6	-69267.8
0.95	28893.3	-67661.4
0.96	29590.9	-65933.7
0.97	30294.3	-64083
0.98	31003.3	-62107.1
0.99	31717.7	-60004.4
1	32437.2	-57772.8
1.01	33161.6	-55410.5
1.02	33890.7	-52915.9
1.03	34624.2	-50287
1.04	35361.9	-47522.3
1.05	36103.6	-44620.1
1.06	36848.9	-41578.6
1.07	37597.6	-38396.4
1.08	38349.5	-35071.9
1.09	39104.2	-31603.5
1.1	39861.6	-27989.9
1.11	40621.3	-24229.5
1.12	41383	-20321.1
1.13	42146.5	-16263.3
1.14	42911.4	-12054.8
1.15	43677.6	-7694.42
1.16	44444.5	-3180.93
1.17	45212.1	1486.78
1.18	45979.9	6309.8
1.19	46747.6	11289.2
1.2	47515	16425.8
1.21	48281.6	21720.7
1.22	49047.3	27174.8
1.23	49811.6	32788.7
1.24	50574.2	38563.4
1.25	51334.8	44499.5
1.26	52093	50597.7
1.27	52848.6	56858.5
1.28	53601.1	63282.6
1.29	54350.2	69870.3
1.3	55095.7	76622.2
1.31	55837	83538.5
1.32	56573.9	90619.7
1.33	57306	97865.9
1.34	58033	105277
1.35	58754.4	112854
1.36	59470	120596
1.37	60179.3	128504
1.38	60882	136577
1.39	61577.8	144816
1.4	62266.2	153219
1.41	62946.9	161787
1.42	63619.5	170520
1.43	64283.7	179417
1.44	64939	188478
1.45	65585	197701
1.46	66221.5	207088
1.47	66848.1	216637
1.48	67464.2	226346
1.49	68069.7	236217
1.5	68664	246247
1.51	69246.8	256436
1.52	69817.8	266783
1.53	70376.5	277287
1.54	70922.6	287947
1.55	71455.7	298761
1.56	71975.4	309728
1.57	72481.4	320848
1.58	72973.2	332119
1.59	73450.5	343539
1.6	73912.9	355106
1.61	74360	366820
1.62	74791.5	378679
1.63	75206.9	390681
1.64	75606	402824
1.65	75988.3	415106
1.66	76353.5	427526
1.67	76701.2	440082
1.68	77031.1	452771
1.69	77342.8	465592
1.7	77635.9	478542
1.71	77910	491620
1.72	78164.9	504822
1.73	78400.2	518147
1.74	78615.5	531592
1.75	78810.4	545155
1.76	78984.7	558834
1.77	79138	572624
1.78	79270	586525
1.79	79380.2	600534
1.8	79468.5	614646
1.81	79534.5	628861
1.82	79577.8	643174
1.83	79598.2	657583
1.84	79595.3	672086
1.85	79568.8	686678
1.86	79518.4	701356
1.87	79443.9	716119
1.88	79344.8	730962
1.89	79221.1	745881
1.9	79072.2	760875
1.91	78898	775939
1.92	78698.3	791069
1.93	78472.6	806263
1.94	78220.8	821517
1.95	77942.7	836828
1.96	77637.8	852190
1.97	77306.1	867602
1.98	76947.3	883059
1.99	76561	898557
2	76147.2	914093
2.01	75705.5	929662
2.02	75235.9	945261
2.03	74737.9	960886
2.04	74211.5	976532
2.05	73656.5	992196
2.06	73072.6	1.00787e+06
2.07	72459.7	1.02356e+06
2.08	71817.6	1.03925e+06
2.09	71146.1	1.05495e+06
2.1	70445.1	1.07064e+06
2.11	69714.3	1.08632e+06
2.12	68953.8	1.10199e+06
2.13	68163.3	1.11764e+06
2.14	67342.6	1.13328e+06
2.15	66491.8	1.14889e+06
2.16	65610.5	1.16447e+06
2.17	64698.8	1.18001e+06
2.18	63756.5	1.19552e+06
2.19	62783.6	1.21098e+06
2.2	61779.9	1.2264e+06
2.21	60745.4	1.24176e+06
2.22	59680	1.25707e+06
2.23	58583.6	1.27232e+06
2.24	57456.2	1.2875e+06
2.25	56297.7	1.3026e+06
2.26	55108.1	1.31764e+06
2.27	53887.4	1.33259e+06
2.28	52635.5	1.34746e+06
2.29	51352.4	1.36224e+06
2.3	50038.2	1.37692e+06
2.31	48692.8	1.39151e+06
2.32	47316.2	1.40599e+06
2.33	45908.6	1.42036e+06
2.34	44469.8	1.43462e+06
2.35	42999.9	1.44876e+06
2.36	41499	1.46278e+06
2.37	39967.2	1.47667e+06
2.38	38404.4	1.49043e+06
2.39	36810.9	1.50405e+06
2.4	35186.6	1.51753e+06
2.41	33531.6	1.53086e+06
2.42	31846.1	1.54404e+06
2.43	30130.2	1.55706e+06
2.44	28383.9	1.56992e+06
2.45	26607.5	1.58262e+06
2.46	24801	1.59514e+06
2.47	22964.6	1.60749e+06
2.48	21098.4	1.61966e+06
2.49	19202.7	1.63164e+06
2.5	17277.6	1.64343e+06
2.51	15323.2	1.65503e+06
2.52	13339.8	1.66643e+06
2.53	11327.6	1.67762e+06
2.54	9286.7	1.6886e+06
2.55	7217.43	1.69938e+06
2.56	5119.98	1.70993e+06
2.57	2994.59	1.72026e+06
2.58	841.501	1.73037e+06
2.59	-1339.03	1.74024e+06
2.6	-3546.73	1.74987e+06
2.61	-5781.34	1.75927e+06
2.62	-8042.58	1.76842e+06
2.63	-10330.1	1.77732e+06
2.64	-12643.7	1.78597e+06
2.65	-14983.1	1.79436e+06
2.66	-17347.8	1.80248e+06
2.67	-19737.6	1.81034e+06
2.68	-22152.2	1.81793e+06
2.69	-24591.1	1.82524e+06
2.7	-27054.1	1.83228e+06
2.71	-29540.8	1.83903e+06
2.72	-32050.9	1.84549e+06
2.73	-34583.9	1.85166e+06
2.74	-37139.4	1.85754e+06
2.75	-39717.1	1.86311e+06
2.76	-42316.6	1.86839e+06
2.77	-44937.5	1.87335e+06
2.78	-47579.2	1.87801e+06
2.79	-50241.5	1.88235e+06
2.8	-52923.9	1.88637e+06
2.81	-55625.9	1.89007e+06
2.82	-58347.1	1.89345e+06
2.83	-61087.1	1.89649e+06
2.84	-63845.3	1.89921e+06
2.85	-66621.3	1.90158e+06
2.86	-69414.6	1.90362e+06
2.87	-72224.7	1.90532e+06
2.88	-75051.2	1.90667e+06
2.89	-77893.5	1.90768e+06
2.9	-80751.2	1.90833e+06
2.91	-83623.6	1.90863e+06
2.92	-86510.4	1.90857e+06
2.93	-89410.9	1.90815e+06
2.94	-92324.6	1.90737e+06
2.95	-95251	1.90622e+06
2.96	-98189.6	1.90471e+06
2.97	-101140	1.90282e+06
2.98	-104101	1.90056e+06
2.99	-107072	1.89792e+06
3	-110054	1.89491e+06
3.01	-113045	1.89152e+06
3.02	-116044	1.88774e+06
3.03	-119052	1.88359e+06
3.04	-122067	1.87904e+06
3.05	-125089	1.87411e+06
3.06	-128118	1.86878e+06
3.07	-131152	1.86307e+06
3.08	-134191	1.85696e+06
3.09	-137235	1.85046e+06
3.1	-140283	1.84356e+06
3.11	-143333	1.83626e+06
3.12	-146387	1.82856e+06
3.13	-149442	1.82047e+06
3.14	-152499	1.81197e+06
3.15	-155557	1.80307e+06
3.16	-158614	1.79377e+06
3.17	-161671	1.78406e+06
3.18	-164726	1.77394e+06
3.19	-167780	1.76343e+06
3.2	-170831	1.7525e+06
3.21	-173879	1.74117e+06
3.22	-176923	1.72943e+06
3.23	-179962	1.71729e+06
3.24	-182996	1.70473e+06
3.25	-186024	1.69177e+06
3.26	-189045	1.6784e+06
3.27	-192059	1.66463e+06
3.28	-195066	1.65044e+06
3.29	-198063	1.63585e+06
3.3	-201051	1.62085e+06
3.31	-204029	1.60545e+06
3.32	-206997	1.58964e+06
3.33	-209952	1.57342e+06
3.34	-212896	1.5568e+06
3.35	-215827	1.53978e+06
3.36	-218745	1.52236e+06
3.37	-221648	1.50453e+06
3.38	-224537	1.4863e+06
3.39	-227410	1.46768e+06
3.4	-230267	1.44865e+06
3.41	-233107	1.42923e+06
3.42	-235929	1.40942e+06
3.43	-238733	1.38921e+06
3.44	-241518	1.36861e+06
3.45	-244284	1.34763e+06
3.46	-247029	1.32625e+06
3.47	-249753	1.30449e+06
3.48	-252455	1.28235e+06
3.49	-255135	1.25982e+06
3.5	-257792	1.23692e+06
3.51	-260425	1.21364e+06
3.52	-263033	1.18998e+06
3.53	-265617	1.16596e+06
3.54	-268175	1.14156e+06
3.55	-270706	1.11681e+06
3.56	-273211	1.09168e+06
3.57	-275687	1.0662e+06
3.58	-278136	1.04037e+06
3.59	-280555	1.01418e+06
3.6	-282945	987634
3.61	-285304	960747
3.62	-287632	933516
3.63	-289929	905946
3.64	-292193	878040
3.65	-294425	849802
3.66	-296623	821236
3.67	-298787	792345
3.68	-300917	763134
3.69	-303011	733607
3.7	-305069	703768
3.71	-307091	673621
3.72	-309075	643171
3.73	-311022	612422
3.74	-312931	581379
3.75	-314801	550046
3.76	-316631	518428
3.77	-318422	486530
3.78	-320172	454357
3.79	-321881	421913
3.8	-323548	389205
3.81	-325174	356236
3.82	-326757	323012
3.83	-328296	289538
3.84	-329792	255820
3.85	-331244	221863
3.86	-332651	187673
3.87	-334013	153255
3.88	-335330	118615
3.89	-336600	83758.2
3.9	-337824	48690.7
3.91	-339001	13418.4
3.92	-340131	-22052.9
3.93	-341213	-57717.3
3.94	-342246	-93568.5
3.95	-343231	-129601
3.96	-344167	-165808
3.97	-345053	-202183
3.98	-345890	-238720
3.99	-346676	-275414
4	-347412	-312257
4.01	-348096	-349243
4.02	-348730	-386365
4.03	-349311	-423618
4.04	-349841	-460993
4.05	-350319	-498486
4.06	-350744	-536089
4.07	-351116	-573794
4.08	-351435	-611597
4.09	-351700	-649489
4.1	-351912	-687464
4.11	-352070	-725515
4.12	-352173	-763635
4.13	-352222	-801817
4.14	-352217	-840054
4.15	-352157	-878338
4.16	-352041	-916664
4.17	-351871	-955023
4.18	-351645	-993409
4.19	-351363	-1.03181e+06
4.2	-351026	-1.07023e+06
4.21	-350633	-1.10865e+06
4.22	-350183	-1.14708e+06
4.23	-349678	-1.18549e+06
4.24	-349117	-1.22388e+06
4.25	-348499	-1.26225e+06
4.26	-347825	-1.30059e+06
4.27	-347094	-1.33889e+06
4.28	-346307	-1.37714e+06
4.29	-345463	-1.41534e+06
4.3	-344563	-1.45348e+06
4.31	-343606	-1.49156e+06
4.32	-342593	-1.52955e+06
4.33	-341523	-1.56747e+06
4.34	-340396	-1.60529e+06
4.35	-339213	-1.64302e+06
4.36	-337973	-1.68064e+06
4.37	-336677	-1.71815e+06
4.38	-335324	-1.75554e+06
4.39	-333915	-1.7928e+06
4.4	-332450	-1.82993e+06
4.41	-330928	-1.86692e+06
4.42	-329351	-1.90375e+06
4.43	-327718	-1.94044e+06
4.44	-326029	-1.97695e+06
4.45	-324284	-2.0133e+06
4.46	-322484	-2.04947e+06
4.47	-320628	-2.08545e+06
4.48	-318718	-2.12125e+06
4.49	-316752	-2.15684e+06
4.5	-314732	-2.19222e+06
4.51	-312657	-2.22739e+06
4.52	-310528	-2.26234e+06
4.53	-308346	-2.29707e+06
4.54	-306109	-2.33155e+06
4.55	-303819	-2.3658e+06
4.56	-301476	-2.3998e+06
4.57	-299080	-2.43354e+06
4.58	-296631	-2.46701e+06
4.59	-294130	-2.50022e+06
4.6	-291577	-2.53315e+06
4.61	-288973	-2.5658e+06
4.62	-286317	-2.59816e+06
4.63	-283611	-2.63022e+06
4.64	-280854	-2.66198e+06
4.65	-278047	-2.69342e+06
4.66	-275190	-2.72456e+06
4.67	-272284	-2.75537e+06
4.68	-269329	-2.78585e+06
4.69	-266325	-2.81599e+06
4.7	-263274	-2.84579e+06
4.71	-260175	-2.87525e+06
4.72	-257028	-2.90435e+06
4.73	-253836	-2.93309e+06
4.74	-250597	-2.96147e+06
4.75	-247312	-2.98947e+06
4.76	-243983	-3.01709e+06
4.77	-240609	-3.04433e+06
4.78	-237190	-3.07118e+06
4.79	-233728	-3.09764e+06
4.8	-230224	-3.1237e+06
4.81	-226676	-3.14934e+06
4.82	-223087	-3.17458e+06
4.83	-219457	-3.1994e+06
4.84	-215786	-3.2238e+06
4.85	-212074	-3.24777e+06
4.86	-208324	-3.2713e+06
4.87	-204534	-3.2944e+06
4.88	-200706	-3.31706e+06
4.89	-196840	-3.33927e+06
4.9	-192938	-3.36102e+06
4.91	-188999	-3.38232e+06
4.92	-185024	-3.40316e+06
4.93	-181014	-3.42353e+06
4.94	-176970	-3.44343e+06
4.95	-172893	-3.46285e+06
4.96	-168782	-3.48179e+06
4.97	-164639	-3.50026e+06
4.98	-160464	-3.51823e+06
4.99	-156259	-3.53571e+06
5	-152023	-3.5527e+06
5.01	-147758	-3.56919e+06
5.02	-143464	-3.58517e+06
5.03	-139143	-3.60065e+06
5.04	-134794	-3.61562e+06
5.05	-130418	-3.63008e+06
5.06	-126017	-3.64402e+06
5.07	-121591	-3.65744e+06
5.08	-117141	-3.67034e+06
5.09	-112667	-3.68271e+06
5.1	-108171	-3.69456e+06
5.11	-103653	-3.70587e+06
5.12	-99114.2	-3.71665e+06
5.13	-94555	-3.72689e+06
5.14	-89976.3	-3.7366e+06
5.15	-85379.1	-3.74576e+06
5.16	-80764	-3.75438e+06
5.17	-76131.9	-3.76246e+06
5.18	-71483.7	-3.76999e+06
5.19	-66820.2	-3.77697e+06
5.2	-62142.1	-3.7834e+06
5.21	-57450.4	-3.78928e+06
5.22	-52745.8	-3.79461e+06
5.23	-48029.2	-3.79937e+06
5.24	-43301.5	-3.80359e+06
5.25	-38563.4	-3.80724e+06
5.26	-33815.9	-3.81034e+06
5.27	-29059.7	-3.81288e+06
5.28	-24295.8	-3.81486e+06
5.29	-19524.9	-3.81628e+06
5.3	-14748	-3.81713e+06
5.31	-9965.91	-3.81743e+06
5.32	-5179.45	-3.81716e+06
5.33	-389.493	-3.81633e+06
5.34	4403.09	-3.81493e+06
5.35	9197.43	-3.81298e+06
5.36	13992.7	-3.81046e+06
5.37	18788	-3.80738e+06
5.38	23582.4	-3.80374e+06
5.39	28375.2	-3.79953e+06
5.4	33165.4	-3.79477e+06
5.41	37952.3	-3.78945e+06
5.42	42734.8	-3.78356e+06
5.43	47512.2	-3.77712e+06
5.44	52283.6	-3.77012e+06
5.45	57048.2	-3.76256e+06
5.46	61805.1	-3.75445e+06
5.47	66553.3	-3.74579e+06
5.48	71292.2	-3.73658e+06
5.49	76020.8	-3.72681e+06
5.5	80738.5	-3.71651e+06
5.51	85445.5	-3.70571e+06
5.52	90141.4	-3.69444e+06
5.53	94825.5	-3.68267e+06
5.54	99497.2	-3.67043e+06
5.55	104156	-3.65771e+06
5.56	108801	-3.64451e+06
5.57	113432	-3.63083e+06
5.58	118048	-3.61668e+06
5.59	122648	-3.60205e+06
5.6	127233	-3.58695e+06
5.61	131801	-3.57139e+06
5.62	136351	-3.55535e+06
5.63	140884	-3.53885e+06
5.64	145398	-3.52189e+06
5.65	149894	-3.50447e+06
5.66	154369	-3.48659e+06
5.67	158825	-3.46825e+06
5.68	163260	-3.44946e+06
5.69	167673	-3.43022e+06
5.7	172065	-3.41053e+06
5.71	176434	-3.39039e+06
5.72	180779	-3.36981e+06
5.73	185102	-3.34879e+06
5.74	189400	-3.32734e+06
5.75	193673	-3.30544e+06
5.76	197921	-3.28312e+06
5.77	202143	-3.26036e+06
5.78	206339	-3.23718e+06
5.79	210507	-3.21357e+06
5.8	214648	-3.18955e+06
5.81	218761	-3.16511e+06
5.82	222846	-3.14025e+06
5.83	226901	-3.11498e+06
5.84	230927	-3.08931e+06
5.85	234922	-3.06323e+06
5.86	238887	-3.03675e+06
5.87	242820	-3.00987e+06
5.88	246722	-2.9826e+06
5.89	250591	-2.95494e+06
5.9	254428	-2.92689e+06
5.91	258231	-2.89846e+06
5.92	262000	-2.86966e+06
5.93	265736	-2.84047e+06
5.94	269436	-2.81091e+06
5.95	273102	-2.78099e+06
5.96	276731	-2.7507e+06
5.97	280324	-2.72006e+06
5.98	283881	-2.68905e+06
5.99	287401	-2.6577e+06
6	290883	-2.626e+06
6.01	294327	-2.59395e+06
6.02	297732	-2.56157e+06
6.03	301098	-2.52885e+06
6.04	304426	-2.4958e+06
6.05	307713	-2.46242e+06
6.06	310960	-2.42872e+06
6.07	314166	-2.3947e+06
6.08	317332	-2.36037e+06
6.09	320455	-2.32573e+06
6.1	323537	-2.29079e+06
6.11	326577	-2.25555e+06
6.12	329573	-2.22001e+06
6.13	332527	-2.18418e+06
6.14	335437	-2.14807e+06
6.15	338304	-2.11167e+06
6.16	341126	-2.075e+06
6.17	343903	-2.03806e+06
6.18	346636	-2.00085e+06
6.19	349323	-1.96338e+06
6.2	351964	-1.92565e+06
6.21	354560	-1.88767e+06
6.22	357109	-1.84945e+06
6.23	359611	-1.81098e+06
6.24	362067	-1.77228e+06
6.25	364474	-1.73334e+06
6.26	366835	-1.69417e+06
6.27	369147	-1.65479e+06
6.28	371411	-1.61519e+06
6.29	373626	-1.57538e+06
6.3	375793	-1.53536e+06
6.31	377910	-1.49514e+06
6.32	379978	-1.45472e+06
6.33	381997	-1.41412e+06
6.34	383965	-1.37333e+06
6.35	385883	-1.33236e+06
6.36	387751	-1.29121e+06
6.37	389568	-1.2499e+06
6.38	391334	-1.20842e+06
6.39	393048	-1.16679e+06
6.4	394712	-1.125e+06
6.41	396323	-1.08307e+06
6.42	397883	-1.04099e+06
6.43	399391	-998777
6.44	400847	-956434
6.45	402250	-913965
6.46	403601	-871378
6.47	404898	-828676
6.48	406143	-785866
6.49	407335	-742954
6.5	408473	-699944
6.51	409558	-656842
6.52	410590	-613655
6.53	411567	-570387
6.54	412491	-527045
6.55	413361	-483634
6.56	414177	-440159
6.57	414939	-396627
6.58	415646	-353043
6.59	416299	-309413
6.6	416898	-265742
6.61	417442	-222037
6.62	417932	-178303
6.63	418366	-134545
6.64	418746	-90769.8
6.65	419072	-46982.6
6.66	419342	-3189.33
6.67	419558	40604.4
6.68	419719	84392.8
6.69	419825	128170
6.7	419876	171931
6.71	419872	215669
6.72	419813	259379
6.73	419699	303055
6.74	419530	346691
6.75	419307	390282
6.76	419028	433822
6.77	418695	477305
6.78	418307	520726
6.79	417865	564079
6.8	417367	607358
6.81	416815	650557
6.82	416209	693671
6.83	415548	736695
6.84	414833	779622
6.85	414063	822448
6.86	413240	865165
6.87	412362	907770
6.88	411430	950256
6.89	410445	992617
6.9	409406	1.03485e+06
6.91	408313	1.07695e+06
6.92	407167	1.1189e+06
6.93	405968	1.16071e+06
6.94	404715	1.20237e+06
6.95	403410	1.24387e+06
6.96	402052	1.2852e+06
6.97	400641	1.32637e+06
6.98	399178	1.36737e+06
6.99	397663	1.40819e+06
7	396095	1.44882e+06
7.01	394476	1.48926e+06
7.02	392805	1.52951e+06
7.03	391083	1.56956e+06
7.04	389310	1.6094e+06
7.05	387486	1.64904e+06
7.06	385611	1.68845e+06
7.07	383686	1.72765e+06
7.08	381710	1.76662e+06
7.09	379685	1.80536e+06
7.1	377610	1.84386e+06
7.11	375485	1.88212e+06
7.12	373311	1.92014e+06
7.13	371089	1.9579e+06
7.14	368818	1.99541e+06
7.15	366499	2.03266e+06
7.16	364132	2.06964e+06
7.17	361717	2.10635e+06
7.18	359255	2.14279e+06
7.19	356746	2.17894e+06
7.2	354190	2.21481e+06
7.21	351588	2.25039e+06
7.22	348940	2.28568e+06
7.23	346246	2.32066e+06
7.24	343507	2.35535e+06
7.25	340723	2.38972e+06
7.26	337895	2.42378e+06
7.27	335022	2.45753e+06
7.28	332106	2.49096e+06
7.29	329146	2.52405e+06
7.3	326143	2.55682e+06
7.31	323097	2.58926e+06
7.32	320009	2.62135e+06
7.33	316880	2.6531e+06
7.34	313709	2.68451e+06
7.35	310496	2.71556e+06
7.36	307243	2.74626e+06
7.37	303950	2.7766e+06
7.38	300618	2.80658e+06
7.39	297246	2.83619e+06
7.4	293835	2.86543e+06
7.41	290385	2.89429e+06
7.42	286898	2.92278e+06
7.43	283373	2.95088e+06
7.44	279811	2.9786e+06
7.45	276212	3.00592e+06
7.46	272578	3.03286e+06
7.47	268907	3.0594e+06
7.48	265202	3.08553e+06
7.49	261462	3.11127e+06
7.5	257687	3.13659e+06
7.51	253879	3.16151e+06
7.52	250038	3.18601e+06
7.53	246164	3.2101e+06
7.54	242257	3.23377e+06
7.55	238319	3.25701e+06
7.56	234350	3.27983e+06
7.57	230351	3.30222e+06
7.58	226321	3.32417e+06
7.59	222261	3.3457e+06
7.6	218173	3.36678e+06
7.61	214056	3.38742e+06
7.62	209911	3.40763e+06
7.63	205738	3.42738e+06
7.64	201539	3.44669e+06
7.65	197313	3.46554e+06
7.66	193061	3.48395e+06
7.67	188784	3.50189e+06
7.68	184483	3.51938e+06
7.69	180157	3.53641e+06
7.7	175808	3.55298e+06
7.71	171436	3.56908e+06
7.72	167041	3.58471e+06
7.73	162624	3.59988e+06
7.74	158187	3.61457e+06
7.75	153728	3.6288e+06
7.76	149250	3.64254e+06
7.77	144752	3.65582e+06
7.78	140234	3.66861e+06
7.79	135699	3.68092e+06
7.8	131146	3.69275e+06
7.81	126576	3.7041e+06
7.82	121989	3.71497e+06
7.83	117386	3.72534e+06
7.84	112768	3.73523e+06
7.85	108135	3.74464e+06
7.86	103488	3.75355e+06
7.87	98827.4	3.76197e+06
7.88	94153.9	3.7699e+06
7.89	89468.1	3.77734e+06
7.9	84770.6	3.78428e+06
7.91	80062	3.79073e+06
7.92	75342.9	3.79668e+06
7.93	70614	3.80213e+06
7.94	65875.8	3.80709e+06
7.95	61129	3.81155e+06
7.96	56374.2	3.81551e+06
7.97	51612.1	3.81898e+06
7.98	46843.2	3.82194e+06
7.99	42068.1	3.8244e+06
8	37287.6	3.82636e+06
8.01	32502.2	3.82783e+06
8.02	27712.5	3.82879e+06
8.03	22919.2	3.82925e+06
8.04	18122.9	3.82921e+06
8.05	13324.3	3.82867e+06
8.06	8523.89	3.82762e+06
8.07	3722.37	3.82608e+06
8.08	-1079.63	3.82404e+06
8.09	-5881.49	3.8215e+06
8.1	-10682.6	3.81845e+06
8.11	-15482.3	3.81491e+06
8.12	-20279.9	3.81087e+06
8.13	-25075	3.80633e+06
8.14	-29866.7	3.80129e+06
8.15	-34654.5	3.79576e+06
8.16	-39437.8	3.78973e+06
8.17	-44215.9	3.7832e+06
8.18	-48988.3	3.77618e+06
8.19	-53754.3	3.76866e+06
8.2	-58513.2	3.76065e+06
8.21	-63264.4	3.75215e+06
8.22	-68007.4	3.74316e+06
8.23	-72741.5	3.73368e+06
8.24	-77466.1	3.72371e+06
8.25	-82180.5	3.71325e+06
8.26	-86884.2	3.70231e+06
8.27	-91576.6	3.69089e+06
8.28	-96256.9	3.67898e+06
8.29	-100925	3.66659e+06
8.3	-105579	3.65372e+06
8.31	-110220	3.64037e+06
8.32	-114846	3.62655e+06
8.33	-119458	3.61225e+06
8.34	-124053	3.59748e+06
8.35	-128633	3.58224e+06
8.36	-133195	3.56653e+06
8.37	-137741	3.55035e+06
8.38	-142268	3.53371e+06
8.39	-146776	3.51661e+06
8.4	-151266	3.49904e+06
8.41	-155735	3.48102e+06
8.42	-160185	3.46255e+06
8.43	-164613	3.44362e+06
8.44	-169020	3.42424e+06
8.45	-173404	3.40441e+06
8.46	-177766	3.38414e+06
8.47	-182105	3.36343e+06
8.48	-186420	3.34227e+06
8.49	-190711	3.32068e+06
8.5	-194976	3.29865e+06
8.51	-199216	3.2762e+06
8.52	-203430	3.25331e+06
8.53	-207618	3.23e+06
8.54	-211778	3.20626e+06
8.55	-215910	3.18211e+06
8.56	-220015	3.15754e+06
8.57	-224090	3.13256e+06
8.58	-228137	3.10717e+06
8.59	-232153	3.08137e+06
8.6	-236139	3.05517e+06
8.61	-240094	3.02856e+06
8.62	-244018	3.00157e+06
8.63	-247910	2.97418e+06
8.64	-251769	2.9464e+06
8.65	-255595	2.91823e+06
8.66	-259388	2.88969e+06
8.67	-263148	2.86076e+06
8.68	-266872	2.83146e+06
8.69	-270562	2.80179e+06
8.7	-274216	2.77176e+06
8.71	-277835	2.74136e+06
8.72	-281417	2.7106e+06
8.73	-284962	2.67949e+06
8.74	-288471	2.64803e+06
8.75	-291941	2.61622e+06
8.76	-295373	2.58407e+06
8.77	-298767	2.55159e+06
8.78	-302121	2.51876e+06
8.79	-305436	2.48561e+06
8.8	-308711	2.45214e+06
8.81	-311946	2.41834e+06
8.82	-315140	2.38423e+06
8.83	-318292	2.3498e+06
8.84	-321403	2.31507e+06
8.85	-324472	2.28003e+06
8.86	-327499	2.2447e+06
8.87	-330482	2.20907e+06
8.88	-333423	2.17316e+06
8.89	-336319	2.13696e+06
8.9	-339172	2.10048e+06
8.91	-341981	2.06372e+06
8.92	-344745	2.0267e+06
8.93	-347463	1.98941e+06
8.94	-350136	1.95186e+06
8.95	-352764	1.91405e+06
8.96	-355345	1.876e+06
8.97	-357880	1.8377e+06
8.98	-360368	1.79916e+06
8.99	-362809	1.76038e+06
9	-365202	1.72137e+06
9.01	-367548	1.68214e+06
9.02	-369845	1.64269e+06
9.03	-372094	1.60302e+06
9.04	-374295	1.56315e+06
9.05	-376446	1.52307e+06
9.06	-378549	1.48279e+06
9.07	-380602	1.44231e+06
9.08	-382605	1.40165e+06
9.09	-384558	1.3608e+06
9.1	-386460	1.31978e+06
9.11	-388312	1.27858e+06
9.12	-390114	1.23722e+06
9.13	-391864	1.19569e+06
9.14	-393563	1.15401e+06
9.15	-395211	1.11218e+06
9.16	-396807	1.0702e+06
9.17	-398350	1.02808e+06
9.18	-399842	985828
9.19	-401282	943446
9.2	-402669	900941
9.21	-404003	858318
9.22	-405285	815583
9.23	-406514	772741
9.24	-407689	729798
9.25	-408811	686759
9.26	-409880	643631
9.27	-410895	600418
9.28	-411856	557127
9.29	-412763	513763
9.3	-413617	470332
9.31	-414416	426839
9.32	-415161	383291
9.33	-415852	339692
9.34	-416488	296049
9.35	-417070	252367
9.36	-417598	208652
9.37	-418070	164910
9.38	-418489	121146
9.39	-418852	77366.9
9.4	-419160	33577.3
9.41	-419414	-10216.8
9.42	-419613	-54009.5
9.43	-419757	-97795.1
9.44	-419846	-141568
9.45	-419880	-185322
9.46	-419859	-229052
9.47	-419784	-272753
9.48	-419653	-316417
9.49	-419468	-360040
9.5	-419227	-403616
9.51	-418932	-447139
9.52	-418582	-490604
9.53	-418178	-534004
9.54	-417718	-577335
9.55	-417204	-620590
9.56	-416636	-663764
9.57	-416012	-706851
9.58	-415335	-749846
9.59	-414603	-792743
9.6	-413817	-835536
9.61	-412977	-878219
9.62	-412083	-920788
9.63	-411134	-963237
9.64	-410133	-1.00556e+06
9.65	-409077	-1.04775e+06
9.66	-407968	-1.0898e+06
9.67	-406806	-1.13171e+06
9.68	-405590	-1.17348e+06
9.69	-404321	-1.21509e+06
9.7	-403000	-1.25654e+06
9.71	-401626	-1.29783e+06
9.72	-400199	-1.33894e+06
9.73	-398720	-1.37988e+06
9.74	-397188	-1.42064e+06
9.75	-395605	-1.46122e+06
9.76	-393970	-1.5016e+06
9.77	-392284	-1.54179e+06
9.78	-390546	-1.58178e+06
9.79	-388757	-1.62156e+06
9.8	-386917	-1.66112e+06
9.81	-385027	-1.70047e+06
9.82	-383086	-1.7396e+06
9.83	-381095	-1.7785e+06
9.84	-379055	-1.81717e+06
9.85	-376964	-1.8556e+06
9.86	-374825	-1.89379e+06
9.87	-372636	-1.93172e+06
9.88	-370399	-1.96941e+06
9.89	-368113	-2.00684e+06
9.9	-365779	-2.04401e+06
9.91	-363398	-2.08091e+06
9.92	-360968	-2.11753e+06
9.93	-358492	-2.15388e+06
9.94	-355968	-2.18995e+06
9.95	-353398	-2.22573e+06
9.96	-350782	-2.26122e+06
9.97	-348120	-2.29642e+06
9.98	-345413	-2.33131e+06
9.99	-342660	-2.3659e+06
10	-339862	-2.40018e+06
10.01	-337020	-2.43415e+06
10.02	-334134	-2.4678e+06
10.03	-331204	-2.50112e+06
10.04	-328231	-2.53412e+06
10.05	-325215	-2.56679e+06
10.06	-322157	-2.59912e+06
10.07	-319056	-2.63111e+06
10.08	-315913	-2.66275e+06
10.09	-312730	-2.69405e+06
10.1	-309505	-2.725e+06
10.11	-306240	-2.75559e+06
10.12	-302934	-2.78582e+06
10.13	-299590	-2.81568e+06
10.14	-296206	-2.84518e+06
10.15	-292783	-2.8743e+06
10.16	-289322	-2.90305e+06
10.17	-285823	-2.93142e+06
10.18	-282286	-2.95941e+06
10.19	-278713	-2.987e+06
10.2	-275104	-3.01421e+06
10.21	-271458	-3.04102e+06
10.22	-267777	-3.06744e+06
10.23	-264060	-3.09345e+06
10.24	-260310	-3.11906e+06
10.25	-256525	-3.14427e+06
10.26	-252707	-3.16906e+06
10.27	-248855	-3.19343e+06
10.28	-244971	-3.21739e+06
10.29	-241055	-3.24093e+06
10.3	-237108	-3.26404e+06
10.31	-233129	-3.28673e+06
10.32	-229120	-3.30898e+06
10.33	-225081	-3.33081e+06
10.34	-221013	-3.3522e+06
10.35	-216915	-3.37315e+06
10.36	-212790	-3.39366e+06
10.37	-208636	-3.41372e+06
10.38	-204455	-3.43334e+06
10.39	-200248	-3.45251e+06
10.4	-196014	-3.47123e+06
10.41	-191755	-3.48949e+06
10.42	-187470	-3.5073e+06
10.43	-183161	-3.52464e+06
10.44	-178828	-3.54153e+06
10.45	-174472	-3.55796e+06
10.46	-170093	-3.57391e+06
10.47	-165691	-3.58941e+06
10.48	-161268	-3.60443e+06
10.49	-156824	-3.61898e+06
10.5	-152359	-3.63306e+06
10.51	-147875	-3.64666e+06
10.52	-143371	-3.65978e+06
10.53	-138848	-3.67243e+06
10.54	-134307	-3.68459e+06
10.55	-129749	-3.69628e+06
10.56	-125173	-3.70748e+06
10.57	-120582	-3.71819e+06
10.58	-115974	-3.72842e+06
10.59	-111351	-3.73816e+06
10.6	-106714	-3.74742e+06
10.61	-102063	-3.75618e+06
10.62	-97398.1	-3.76445e+06
10.63	-92720.8	-3.77223e+06
10.64	-88031.3	-3.77952e+06
10.65	-83330.3	-3.78631e+06
10.66	-78618.5	-3.7926e+06
10.67	-73896.3	-3.7984e+06
10.68	-69164.5	-3.8037e+06
10.69	-64423.6	-3.80851e+06
10.7	-59674.3	-3.81282e+06
10.71	-54917.2	-3.81663e+06
10.72	-50152.9	-3.81994e+06
10.73	-45382.1	-3.82275e+06
10.74	-40605.3	-3.82505e+06
10.75	-35823.2	-3.82686e+06
10.76	-31036.4	-3.82817e+06
10.77	-26245.6	-3.82898e+06
10.78	-21451.3	-3.82929e+06
10.79	-16654.2	-3.8291e+06
10.8	-11855	-3.8284e+06
10.81	-7054.16	-3.82721e+06
10.82	-2252.44	-3.82551e+06
10.83	2549.59	-3.82331e+06
10.84	7351.28	-3.82062e+06
10.85	12152	-3.81742e+06
10.86	16951.1	-3.81373e+06
10.87	21748.1	-3.80953e+06
10.88	26542.1	-3.80484e+06
10.89	31332.8	-3.79965e+06
10.9	36119.3	-3.79396e+06
10.91	40901	-3.78778e+06
10.92	45677.5	-3.7811e+06
10.93	50447.9	-3.77393e+06
10.94	55211.8	-3.76626e+06
10.95	59968.4	-3.7581e+06
10.96	64717.2	-3.74945e+06
10.97	69457.6	-3.74031e+06
10.98	74188.8	-3.73068e+06
10.99	78910.4	-3.72056e+06
11	83621.6	-3.70996e+06
11.01	88321.9	-3.69887e+06
11.02	93010.6	-3.68729e+06
11.03	97687.2	-3.67524e+06
11.04	102351	-3.6627e+06
11.05	107001	-3.64968e+06
11.06	111638	-3.63619e+06
11.07	116260	-3.62222e+06
11.08	120866	-3.60778e+06
11.09	125457	-3.59286e+06
11.1	130031	-3.57748e+06
11.11	134589	-3.56162e+06
11.12	139128	-3.54531e+06
11.13	143650	-3.52852e+06
11.14	148153	-3.51128e+06
11.15	152636	-3.49358e+06
11.16	157100	-3.47542e+06
11.17	161543	-3.4568e+06
11.18	165964	-3.43774e+06
11.19	170364	-3.41822e+06
11.2	174742	-3.39826e+06
11.21	179097	-3.37785e+06
11.22	183429	-3.357e+06
11.23	187736	-3.33571e+06
11.24	192019	-3.31398e+06
11.25	196277	-3.29183e+06
11.26	200509	-3.26924e+06
11.27	204715	-3.24622e+06
11.28	208894	-3.22278e+06
11.29	213046	-3.19892e+06
11.3	217170	-3.17463e+06
11.31	221265	-3.14994e+06
11.32	225332	-3.12483e+06
11.33	229369	-3.09931e+06
11.34	233376	-3.07339e+06
11.35	237353	-3.04706e+06
11.36	241299	-3.02034e+06
11.37	245213	-2.99322e+06
11.38	249094	-2.96571e+06
11.39	252944	-2.93782e+06
11.4	256760	-2.90953e+06
11.41	260543	-2.88087e+06
11.42	264291	-2.85183e+06
11.43	268005	-2.82242e+06
11.44	271684	-2.79264e+06
11.45	275328	-2.76249e+06
11.46	278935	-2.73198e+06
11.47	282506	-2.70112e+06
11.48	286040	-2.6699e+06
11.49	289537	-2.63833e+06
11.5	292996	-2.60642e+06
11.51	296416	-2.57416e+06
11.52	299798	-2.54157e+06
11.53	303140	-2.50865e+06
11.54	306443	-2.4754e+06
11.55	309706	-2.44183e+06
11.56	312928	-2.40793e+06
11.57	316109	-2.37372e+06
11.58	319249	-2.3392e+06
11.59	322347	-2.30438e+06
11.6	325403	-2.26925e+06
11.61	328416	-2.23383e+06
11.62	331387	-2.19811e+06
11.63	334314	-2.16211e+06
11.64	337197	-2.12582e+06
11.65	340037	-2.08926e+06
11.66	342832	-2.05242e+06
11.67	345582	-2.01531e+06
11.68	348286	-1.97794e+06
11.69	350946	-1.94031e+06
11.7	353559	-1.90243e+06
11.71	356126	-1.8643e+06
11.72	358646	-1.82593e+06
11.73	361120	-1.78731e+06
11.74	363546	-1.74846e+06
11.75	365925	-1.70939e+06
11.76	368256	-1.67009e+06
11.77	370539	-1.63057e+06
11.78	372773	-1.59084e+06
11.79	374959	-1.5509e+06
11.8	377095	-1.51076e+06
11.81	379182	-1.47042e+06
11.82	381220	-1.42988e+06
11.83	383208	-1.38916e+06
11.84	385145	-1.34826e+06
11.85	387033	-1.30719e+06
11.86	388869	-1.26594e+06
11.87	390655	-1.22452e+06
11.88	392390	-1.18295e+06
11.89	394073	-1.14122e+06
11.9	395705	-1.09934e+06
11.91	397285	-1.05732e+06
11.92	398813	-1.01516e+06
11.93	400289	-972868
11.94	401712	-930448
11.95	403083	-887906
11.96	404401	-845248
11.97	405667	-802479
11.98	406879	-759606
11.99	408038	-716633
12	409144	-673566
12.01	410196	-630411
12.02	411195	-587174
12.03	412139	-543860
12.04	413030	-500475
12.05	413867	-457024
12.06	414650	-413514
12.07	415378	-369949
12.08	416053	-326337
12.09	416672	-282681
12.1	417238	-238989
12.11	417748	-195265
12.12	418204	-151515
12.13	418606	-107746
12.14	418952	-63963.1
12.15	419244	-20171.5
12.16	419481	23622.8
12.17	419663	67413.9
12.18	419790	111196
12.19	419862	154964
12.2	419880	198712
12.21	419842	242433
12.22	419750	286123
12.23	419602	329775
12.24	419400	373385
12.25	419143	416945
12.26	418831	460451
12.27	418464	503896
12.28	418043	547276
12.29	417567	590584
12.3	417036	633815
12.31	416451	676963
12.32	415811	720023
12.33	415117	762988
12.34	414368	805854
12.35	413566	848614
12.36	412709	891263
12.37	411798	933795
12.38	410833	976206
12.39	409815	1.01849e+06
12.4	408743	1.06064e+06
12.41	407618	1.10265e+06
12.42	406439	1.14452e+06
12.43	405207	1.18623e+06
12.44	403922	1.22779e+06
12.45	402585	1.26919e+06
12.46	401194	1.31043e+06
12.47	399752	1.35149e+06
12.48	398256	1.39238e+06
12.49	396709	1.43309e+06
12.5	395110	1.4736e+06
12.51	393459	1.51393e+06
12.52	391757	1.55405e+06
12.53	390004	1.59398e+06
12.54	388199	1.63369e+06
12.55	386344	1.67319e+06
12.56	384438	1.71248e+06
12.57	382482	1.75153e+06
12.58	380476	1.79036e+06
12.59	378420	1.82896e+06
12.6	376315	1.86731e+06
12.61	374160	1.90543e+06
12.62	371957	1.94329e+06
12.63	369704	1.9809e+06
12.64	367404	2.01825e+06
12.65	365055	2.05533e+06
12.66	362659	2.09215e+06
12.67	360215	2.12869e+06
12.68	357724	2.16495e+06
12.69	355187	2.20093e+06
12.7	352603	2.23663e+06
12.71	349972	2.27203e+06
12.72	347296	2.30713e+06
12.73	344575	2.34193e+06
12.74	341808	2.37643e+06
12.75	338997	2.41061e+06
12.76	336142	2.44448e+06
12.77	333242	2.47803e+06
12.78	330299	2.51126e+06
12.79	327313	2.54415e+06
12.8	324283	2.57672e+06
12.81	321212	2.60895e+06
12.82	318098	2.64083e+06
12.83	314943	2.67237e+06
12.84	311747	2.70356e+06
12.85	308510	2.7344e+06
12.86	305232	2.76488e+06
12.87	301915	2.795e+06
12.88	298558	2.82475e+06
12.89	295162	2.85413e+06
12.9	291727	2.88314e+06
12.91	288255	2.91178e+06
12.92	284744	2.94003e+06
12.93	281197	2.9679e+06
12.94	277612	2.99537e+06
12.95	273991	3.02246e+06
12.96	270335	3.04915e+06
12.97	266643	3.07545e+06
12.98	262916	3.10134e+06
12.99	259155	3.12682e+06
13	255360	3.1519e+06
13.01	251531	3.17656e+06
13.02	247670	3.20081e+06
13.03	243776	3.22464e+06
13.04	239850	3.24805e+06
13.05	235893	3.27103e+06
13.06	231905	3.29359e+06
13.07	227887	3.31571e+06
13.08	223839	3.3374e+06
13.09	219762	3.35866e+06
13.1	215656	3.37947e+06
13.11	211521	3.39984e+06
13.12	207359	3.41977e+06
13.13	203170	3.43925e+06
13.14	198955	3.45829e+06
13.15	194713	3.47686e+06
13.16	190446	3.49499e+06
13.17	186154	3.51266e+06
13.18	181837	3.52986e+06
13.19	177497	3.54661e+06
13.2	173134	3.56289e+06
13.21	168748	3.57871e+06
13.22	164340	3.59405e+06
13.23	159910	3.60893e+06
13.24	155459	3.62334e+06
13.25	150989	3.63727e+06
13.26	146498	3.65073e+06
13.27	141988	3.6637e+06
13.28	137460	3.6762e+06
13.29	132914	3.68822e+06
13.3	128350	3.69976e+06
13.31	123769	3.71081e+06
13.32	119173	3.72138e+06
13.33	114560	3.73146e+06
13.34	109933	3.74105e+06
13.35	105292	3.75015e+06
13.36	100636	3.75876e+06
13.37	95967.7	3.76688e+06
13.38	91286.5	3.77451e+06
13.39	86593.5	3.78165e+06
13.4	81889.1	3.78829e+06
13.41	77174	3.79443e+06
13.42	72448.8	3.80008e+06
13.43	67714.2	3.80523e+06
13.44	62970.6	3.80988e+06
13.45	58218.9	3.81404e+06
13.46	53459.5	3.81769e+06
13.47	48693.2	3.82085e+06
13.48	43920.4	3.82351e+06
13.49	39142	3.82566e+06
13.5	34358.4	3.82732e+06
13.51	29570.3	3.82847e+06
13.52	24778.3	3.82913e+06
13.53	19983.1	3.82928e+06
13.54	15185.3	3.82894e+06
13.55	10385.5	3.82809e+06
13.56	5584.36	3.82674e+06
13.57	782.469	3.82489e+06
13.58	-4019.52	3.82254e+06
13.59	-8820.98	3.81969e+06
13.6	-13621.3	3.81634e+06
13.61	-18419.8	3.8125e+06
13.62	-23215.9	3.80815e+06
13.63	-28009	3.8033e+06
13.64	-32798.4	3.79796e+06
13.65	-37583.6	3.79212e+06
13.66	-42363.8	3.78579e+06
13.67	-47138.4	3.77896e+06
13.68	-51907	3.77163e+06
13.69	-56668.7	3.76382e+06
13.7	-61423	3.75551e+06
13.71	-66169.2	3.74671e+06
13.72	-70906.9	3.73741e+06
13.73	-75635.2	3.72763e+06
13.74	-80353.7	3.71737e+06
13.75	-85061.6	3.70661e+06
13.76	-89758.4	3.69537e+06
13.77	-94443.5	3.68365e+06
13.78	-99116.2	3.67145e+06
13.79	-103776	3.65877e+06
13.8	-108422	3.6456e+06
13.81	-113054	3.63196e+06
13.82	-117671	3.61785e+06
13.83	-122273	3.60326e+06
13.84	-126859	3.5882e+06
13.85	-131428	3.57267e+06
13.86	-135980	3.55668e+06
13.87	-140515	3.54022e+06
13.88	-145030	3.52329e+06
13.89	-149527	3.50591e+06
13.9	-154005	3.48807e+06
13.91	-158462	3.46977e+06
13.92	-162898	3.45101e+06
13.93	-167314	3.43181e+06
13.94	-171707	3.41216e+06
13.95	-176078	3.39206e+06
13.96	-180426	3.37151e+06
13.97	-184750	3.35053e+06
13.98	-189050	3.3291e+06
13.99	-193325	3.30725e+06
14	-197575	3.28496e+06
14.01	-201799	3.26224e+06
14.02	-205997	3.23909e+06
14.03	-210168	3.21552e+06
14.04	-214311	3.19153e+06
14.05	-218427	3.16712e+06
14.06	-222513	3.14229e+06
14.07	-226571	3.11706e+06
14.08	-230599	3.09142e+06
14.09	-234597	3.06537e+06
14.1	-238564	3.03893e+06
14.11	-242500	3.01208e+06
14.12	-246404	2.98484e+06
14.13	-250276	2.95721e+06
14.14	-254116	2.9292e+06
14.15	-257922	2.9008e+06
14.16	-261694	2.87202e+06
14.17	-265432	2.84287e+06
14.18	-269135	2.81334e+06
14.19	-272804	2.78345e+06
14.2	-276436	2.75319e+06
14.21	-280032	2.72257e+06
14.22	-283592	2.6916e+06
14.23	-287115	2.66027e+06
14.24	-290600	2.6286e+06
14.25	-294047	2.59658e+06
14.26	-297455	2.56422e+06
14.27	-300825	2.53153e+06
14.28	-304155	2.49851e+06
14.29	-307446	2.46516e+06
14.3	-310696	2.43148e+06
14.31	-313906	2.39749e+06
14.32	-317075	2.36319e+06
14.33	-320202	2.32857e+06
14.34	-323287	2.29366e+06
14.35	-326330	2.25844e+06
14.36	-329330	2.22292e+06
14.37	-332288	2.18712e+06
14.38	-335201	2.15103e+06
14.39	-338071	2.11466e+06
14.4	-340897	2.07801e+06
14.41	-343678	2.04109e+06
14.42	-346414	2.0039e+06
14.43	-349105	1.96645e+06
14.44	-351750	1.92874e+06
14.45	-354350	1.89078e+06
14.46	-356902	1.85258e+06
14.47	-359409	1.81413e+06
14.48	-361868	1.77544e+06
14.49	-364280	1.73653e+06
14.5	-366644	1.69738e+06
14.51	-368960	1.65801e+06
14.52	-371228	1.61843e+06
14.53	-373447	1.57863e+06
14.54	-375618	1.53863e+06
14.55	-377739	1.49843e+06
14.56	-379811	1.45803e+06
14.57	-381834	1.41744e+06
14.58	-383806	1.37666e+06
14.59	-385728	1.33571e+06
14.6	-387600	1.29458e+06
14.61	-389421	1.25328e+06
14.62	-391191	1.21181e+06
14.63	-392910	1.17019e+06
14.64	-394578	1.12842e+06
14.65	-396194	1.08649e+06
14.66	-397758	1.04443e+06
14.67	-399270	1.00223e+06
14.68	-400730	959896
14.69	-402137	917438
14.7	-403492	874860
14.71	-404794	832167
14.72	-406044	789366
14.73	-407240	746461
14.74	-408382	703459
14.75	-409472	660365
14.76	-410508	617184
14.77	-411490	573923
14.78	-412418	530587
14.79	-413292	487181
14.8	-414113	443711
14.81	-414879	400184
14.82	-415591	356604
14.83	-416248	312977
14.84	-416851	269310
14.85	-417400	225607
14.86	-417894	181875
14.87	-418333	138119
14.88	-418717	94344.9
14.89	-419047	50558.5
14.9	-419322	6765.44
14.91	-419542	-37028.5
14.92	-419708	-80817.5
14.93	-419818	-124596
14.94	-419873	-168358
14.95	-419874	-212098
14.96	-419820	-255811
14.97	-419710	-299490
14.98	-419546	-343130
14.99	-419327	-386724
15	-419053	-430269
15.01	-418725	-473757
15.02	-418341	-517183
15.03	-417903	-560541
15.04	-417410	-603826
15.05	-416862	-647033
15.06	-416261	-690154
15.07	-415604	-733185
15.08	-414893	-776121
15.09	-414128	-818955
15.1	-413309	-861681
15.11	-412436	-904295
15.12	-411509	-946791
15.13	-410527	-989163
15.14	-409493	-1.03141e+06
15.15	-408404	-1.07351e+06
15.16	-407263	-1.11548e+06
15.17	-406068	-1.1573e+06
15.18	-404820	-1.19897e+06
15.19	-403519	-1.24048e+06
15.2	-402165	-1.28184e+06
15.21	-400758	-1.32302e+06
15.22	-399299	-1.36403e+06
15.23	-397788	-1.40486e+06
15.24	-396225	-1.44551e+06
15.25	-394610	-1.48597e+06
15.26	-392944	-1.52623e+06
15.27	-391226	-1.5663e+06
15.28	-389457	-1.60616e+06
15.29	-387637	-1.64581e+06
15.3	-385766	-1.68524e+06
15.31	-383845	-1.72446e+06
15.32	-381873	-1.76344e+06
15.33	-379852	-1.8022e+06
15.34	-377781	-1.84073e+06
15.35	-375660	-1.87901e+06
15.36	-373491	-1.91704e+06
15.37	-371272	-1.95483e+06
15.38	-369005	-1.99236e+06
15.39	-366690	-2.02963e+06
15.4	-364327	-2.06663e+06
15.41	-361916	-2.10336e+06
15.42	-359458	-2.13982e+06
15.43	-356952	-2.176e+06
15.44	-354401	-2.21189e+06
15.45	-351802	-2.2475e+06
15.46	-349158	-2.28281e+06
15.47	-346468	-2.31782e+06
15.48	-343733	-2.35253e+06
15.49	-340952	-2.38693e+06
15.5	-338128	-2.42102e+06
15.51	-335259	-2.45479e+06
15.52	-332346	-2.48824e+06
15.53	-329389	-2.52136e+06
15.54	-326390	-2.55416e+06
15.55	-323348	-2.58662e+06
15.56	-320263	-2.61874e+06
15.57	-317137	-2.65052e+06
15.58	-313969	-2.68196e+06
15.59	-310760	-2.71304e+06
15.6	-307511	-2.74377e+06
15.61	-304221	-2.77414e+06
15.62	-300891	-2.80415e+06
15.63	-297522	-2.83378e+06
15.64	-294115	-2.86305e+06
15.65	-290668	-2.89195e+06
15.66	-287184	-2.92047e+06
15.67	-283662	-2.9486e+06
15.68	-280103	-2.97635e+06
15.69	-276508	-3.00371e+06
15.7	-272876	-3.03067e+06
15.71	-269208	-3.05724e+06
15.72	-265506	-3.08341e+06
15.73	-261768	-3.10918e+06
15.74	-257997	-3.13454e+06
15.75	-254191	-3.15949e+06
15.76	-250353	-3.18403e+06
15.77	-246481	-3.20815e+06
15.78	-242578	-3.23185e+06
15.79	-238642	-3.25513e+06
15.8	-234676	-3.27798e+06
15.81	-230678	-3.30041e+06
15.82	-226651	-3.3224e+06
15.83	-222594	-3.34396e+06
15.84	-218508	-3.36508e+06
15.85	-214393	-3.38576e+06
15.86	-210250	-3.40599e+06
15.87	-206080	-3.42578e+06
15.88	-201883	-3.44513e+06
15.89	-197659	-3.46402e+06
15.9	-193409	-3.48246e+06
15.91	-189135	-3.50045e+06
15.92	-184835	-3.51797e+06
15.93	-180511	-3.53504e+06
15.94	-176164	-3.55164e+06
15.95	-171794	-3.56778e+06
15.96	-167401	-3.58345e+06
15.97	-162986	-3.59866e+06
15.98	-158550	-3.61339e+06
15.99	-154093	-3.62765e+06
16	-149616	-3.64144e+06
16.01	-145120	-3.65475e+06
16.02	-140604	-3.66758e+06
16.03	-136070	-3.67993e+06
16.04	-131518	-3.6918e+06
16.05	-126950	-3.70319e+06
16.06	-122364	-3.7141e+06
16.07	-117763	-3.72451e+06
16.08	-113146	-3.73445e+06
16.09	-108514	-3.74389e+06
16.1	-103868	-3.75284e+06
16.11	-99208.5	-3.7613e+06
16.12	-94536	-3.76927e+06
16.13	-89851.2	-3.77675e+06
16.14	-85154.6	-3.78373e+06
16.15	-80446.9	-3.79022e+06
16.16	-75728.6	-3.79621e+06
16.17	-71000.5	-3.80171e+06
16.18	-66263	-3.80671e+06
16.19	-61516.9	-3.81121e+06
16.2	-56762.8	-3.81521e+06
16.21	-52001.2	-3.81871e+06
16.22	-47232.8	-3.82172e+06
16.23	-42458.3	-3.82422e+06
16.24	-37678.1	-3.82622e+06
16.25	-32893.1	-3.82773e+06
16.26	-28103.8	-3.82873e+06
16.27	-23310.8	-3.82923e+06
16.28	-18514.7	-3.82923e+06
16.29	-13716.2	-3.82873e+06
16.3	-8915.92	-3.82773e+06
16.31	-4114.48	-3.82623e+06
16.32	687.507	-3.82423e+06
16.33	5489.4	-3.82172e+06
16.34	10290.6	-3.81872e+06
16.35	15090.4	-3.81522e+06
16.36	19888.3	-3.81122e+06
16.37	24683.5	-3.80672e+06
16.38	29475.5	-3.80172e+06
16.39	34263.7	-3.79623e+06
16.4	39047.4	-3.79024e+06
16.41	43826	-3.78375e+06
16.42	48598.8	-3.77677e+06
16.43	53365.3	-3.76929e+06
16.44	58124.8	-3.76133e+06
16.45	62876.8	-3.75287e+06
16.46	67620.4	-3.74391e+06
16.47	72355.3	-3.73447e+06
16.48	77080.7	-3.72454e+06
16.49	81796	-3.71413e+06
16.5	86500.6	-3.70322e+06
16.51	91193.8	-3.69184e+06
16.52	95875.2	-3.67997e+06
16.53	100544	-3.66762e+06
16.54	105200	-3.65479e+06
16.55	109842	-3.64148e+06
16.56	114469	-3.62769e+06
16.57	119082	-3.61343e+06
16.58	123679	-3.5987e+06
16.59	128259	-3.5835e+06
16.6	132824	-3.56783e+06
16.61	137370	-3.55169e+06
16.62	141899	-3.53509e+06
16.63	146409	-3.51802e+06
16.64	150900	-3.5005e+06
16.65	155371	-3.48251e+06
16.66	159822	-3.46407e+06
16.67	164252	-3.44518e+06
16.68	168661	-3.42584e+06
16.69	173047	-3.40605e+06
16.7	177411	-3.38581e+06
16.71	181752	-3.36513e+06
16.72	186069	-3.34402e+06
16.73	190361	-3.32246e+06
16.74	194629	-3.30047e+06
16.75	198871	-3.27805e+06
16.76	203087	-3.2552e+06
16.77	207277	-3.23192e+06
16.78	211439	-3.20822e+06
16.79	215574	-3.1841e+06
16.8	219681	-3.15956e+06
16.81	223759	-3.13461e+06
16.82	227807	-3.10925e+06
16.83	231826	-3.08349e+06
16.84	235815	-3.05732e+06
16.85	239772	-3.03075e+06
16.86	243699	-3.00379e+06
16.87	247593	-2.97643e+06
16.88	251455	-2.94868e+06
16.89	255284	-2.92055e+06
16.9	259080	-2.89203e+06
16.91	262842	-2.86314e+06
16.92	266569	-2.83387e+06
16.93	270262	-2.80423e+06
16.94	273919	-2.77422e+06
16.95	277541	-2.74386e+06
16.96	281126	-2.71313e+06
16.97	284674	-2.68205e+06
16.98	288186	-2.65061e+06
16.99	291659	-2.61883e+06
17	295094	-2.58671e+06
17.01	298491	-2.55425e+06
17.02	301849	-2.52146e+06
17.03	305167	-2.48833e+06
17.04	308445	-2.45488e+06
17.05	311683	-2.42111e+06
17.06	314880	-2.38702e+06
17.07	318036	-2.35262e+06
17.08	321151	-2.31792e+06
17.09	324223	-2.28291e+06
17.1	327253	-2.2476e+06
17.11	330240	-2.21199e+06
17.12	333184	-2.1761e+06
17.13	336085	-2.13992e+06
17.14	338941	-2.10347e+06
17.15	341753	-2.06673e+06
17.16	344521	-2.02973e+06
17.17	347243	-1.99246e+06
17.18	349920	-1.95494e+06
17.19	352551	-1.91715e+06
17.2	355136	-1.87912e+06
17.21	357675	-1.84083e+06
17.22	360166	-1.80231e+06
17.23	362611	-1.76356e+06
17.24	365008	-1.72457e+06
17.25	367358	-1.68535e+06
17.26	369659	-1.64592e+06
17.27	371913	-1.60627e+06
17.28	374117	-1.56641e+06
17.29	376273	-1.52635e+06
17.3	378379	-1.48608e+06
17.31	380436	-1.44562e+06
17.32	382443	-1.40498e+06
17.33	384400	-1.36415e+06
17.34	386307	-1.32314e+06
17.35	388163	-1.28195e+06
17.36	389968	-1.2406e+06
17.37	391723	-1.19909e+06
17.38	393426	-1.15742e+06
17.39	395078	-1.1156e+06
17.4	396678	-1.07363e+06
17.41	398226	-1.03153e+06
17.42	399723	-989283
17.43	401166	-946912
17.44	402558	-904417
17.45	403896	-861803
17.46	405182	-819076
17.47	406415	-776243
17.48	407595	-733308
17.49	408722	-690277
17.5	409794	-647156
17.51	410814	-603950
17.52	411780	-560665
17.53	412691	-517307
17.54	413549	-473881
17.55	414353	-430393
17.56	415102	-386849
17.57	415798	-343254
17.58	416438	-299614
17.59	417025	-255935
17.6	417557	-212223
17.61	418034	-168483
17.62	418456	-124721
17.63	418824	-80942.3
17.64	419137	-37153.2
17.65	419395	6640.68
17.66	419599	50433.7
17.67	419747	94220.1
17.68	419841	137994
17.69	419879	181750
17.7	419863	225483
17.71	419792	269185
17.72	419666	312853
17.73	419485	356480
17.74	419249	400060
17.75	418958	443587
17.76	418613	487057
17.77	418213	530463
17.78	417758	573800
17.79	417248	617061
17.8	416684	660242
17.81	416065	703336
17.82	415392	746339
17.83	414665	789244
17.84	413883	832045
17.85	413047	874738
17.86	412158	917317
17.87	411214	959775
17.88	410216	1.00211e+06
17.89	409165	1.04431e+06
17.9	408061	1.08638e+06
17.91	406903	1.1283e+06
17.92	405691	1.17007e+06
17.93	404427	1.2117e+06
17.94	403110	1.25316e+06
17.95	401740	1.29446e+06
17.96	400317	1.33559e+06
17.97	398842	1.37655e+06
17.98	397315	1.41732e+06
17.99	395736	1.45791e+06
18	394106	1.49831e+06
18.01	392423	1.53852e+06
18.02	390690	1.57852e+06
18.03	388905	1.61832e+06
18.04	387069	1.6579e+06
18.05	385183	1.69727e+06
18.06	383247	1.73642e+06
18.07	381260	1.77533e+06
18.08	379223	1.81402e+06
18.09	377137	1.85247e+06
18.1	375001	1.89068e+06
18.11	372817	1.92864e+06
18.12	370584	1.96634e+06
18.13	368302	2.00379e+06
18.14	365972	2.04098e+06
18.15	363594	2.0779e+06
18.16	361168	2.11455e+06
18.17	358696	2.15092e+06
18.18	356176	2.18702e+06
18.19	353610	2.22282e+06
18.2	350998	2.25834e+06
18.21	348339	2.29356e+06
18.22	345635	2.32847e+06
18.23	342886	2.36309e+06
18.24	340092	2.3974e+06
18.25	337254	2.43139e+06
18.26	334372	2.46506e+06
18.27	331445	2.49841e+06
18.28	328476	2.53144e+06
18.29	325463	2.56413e+06
18.3	322408	2.59649e+06
18.31	319311	2.62851e+06
18.32	316172	2.66018e+06
18.33	312991	2.69151e+06
18.34	309770	2.72249e+06
18.35	306508	2.7531e+06
18.36	303206	2.78336e+06
18.37	299864	2.81326e+06
18.38	296483	2.84278e+06
18.39	293064	2.87194e+06
18.4	289606	2.90072e+06
18.41	286110	2.92912e+06
18.42	282577	2.95713e+06
18.43	279006	2.98476e+06
18.44	275400	3.012e+06
18.45	271757	3.03885e+06
18.46	268079	3.0653e+06
18.47	264365	3.09135e+06
18.48	260617	3.11699e+06
18.49	256835	3.14222e+06
18.5	253020	3.16705e+06
18.51	249171	3.19146e+06
18.52	245290	3.21545e+06
18.53	241376	3.23902e+06
18.54	237431	3.26217e+06
18.55	233455	3.28489e+06
18.56	229449	3.30718e+06
18.57	225412	3.32904e+06
18.58	221346	3.35047e+06
18.59	217251	3.37145e+06
18.6	213128	3.392e+06
18.61	208976	3.4121e+06
18.62	204798	3.43175e+06
18.63	200592	3.45096e+06
18.64	196361	3.46971e+06
18.65	192103	3.48801e+06
18.66	187821	3.50586e+06
18.67	183514	3.52324e+06
18.68	179183	3.54017e+06
18.69	174828	3.55663e+06
18.7	170451	3.57263e+06
18.71	166052	3.58816e+06
18.72	161630	3.60322e+06
18.73	157188	3.61781e+06
18.74	152725	3.63192e+06
18.75	148242	3.64556e+06
18.76	143739	3.65873e+06
18.77	139218	3.67141e+06
18.78	134679	3.68362e+06
18.79	130122	3.69534e+06
18.8	125548	3.70658e+06
18.81	120957	3.71734e+06
18.82	116351	3.72761e+06
18.83	111729	3.73739e+06
18.84	107093	3.74668e+06
18.85	102443	3.75548e+06
18.86	97779.5	3.76379e+06
18.87	93103.2	3.77161e+06
18.88	88414.7	3.77894e+06
18.89	83714.6	3.78577e+06
18.9	79003.6	3.79211e+06
18.91	74282.3	3.79795e+06
18.92	69551.2	3.80329e+06
18.93	64811.1	3.80814e+06
18.94	60062.4	3.81248e+06
18.95	55305.9	3.81633e+06
18.96	50542.2	3.81968e+06
18.97	45771.9	3.82253e+06
18.98	40995.6	3.82489e+06
18.99	36213.9	3.82674e+06
19	31427.4	3.82809e+06
19.01	26636.9	3.82893e+06
19.02	21842.9	3.82928e+06
19.03	17046	3.82913e+06
19.04	12246.9	3.82848e+06
19.05	7446.23	3.82732e+06
19.06	2644.55	3.82567e+06
19.07	-2157.47	3.82351e+06
19.08	-6959.22	3.82086e+06
19.09	-11760	3.8177e+06
19.1	-16559.3	3.81405e+06
19.11	-21356.5	3.80989e+06
19.12	-26150.8	3.80524e+06
19.13	-30941.7	3.80009e+06
19.14	-35728.6	3.79445e+06
19.15	-40510.8	3.7883e+06
19.16	-45287.7	3.78167e+06
19.17	-50058.6	3.77453e+06
19.18	-54823.1	3.76691e+06
19.19	-59580.3	3.75879e+06
19.2	-64329.8	3.75018e+06
19.21	-69070.8	3.74108e+06
19.22	-73802.8	3.73149e+06
19.23	-78525.2	3.72141e+06
19.24	-83237.3	3.71084e+06
19.25	-87938.5	3.69979e+06
19.26	-92628.2	3.68826e+06
19.27	-97305.8	3.67624e+06
19.28	-101971	3.66374e+06
19.29	-106622	3.65076e+06
19.3	-111260	3.63731e+06
19.31	-115883	3.62338e+06
19.32	-120491	3.60897e+06
19.33	-125083	3.5941e+06
19.34	-129658	3.57875e+06
19.35	-134217	3.56294e+06
19.36	-138758	3.54666e+06
19.37	-143282	3.52991e+06
19.38	-147786	3.51271e+06
19.39	-152271	3.49504e+06
19.4	-156736	3.47692e+06
19.41	-161181	3.45834e+06
19.42	-165604	3.43931e+06
19.43	-170006	3.41983e+06
19.44	-174386	3.3999e+06
19.45	-178742	3.37953e+06
19.46	-183076	3.35872e+06
19.47	-187385	3.33746e+06
19.48	-191670	3.31577e+06
19.49	-195930	3.29365e+06
19.5	-200164	3.2711e+06
19.51	-204372	3.24811e+06
19.52	-208554	3.22471e+06
19.53	-212708	3.20088e+06
19.54	-216834	3.17663e+06
19.55	-220932	3.15197e+06
19.56	-225001	3.12689e+06
19.57	-229041	3.10141e+06
19.58	-233050	3.07552e+06
19.59	-237029	3.04923e+06
19.6	-240978	3.02254e+06
19.61	-244894	2.99545e+06
19.62	-248779	2.96797e+06
19.63	-252631	2.94011e+06
19.64	-256450	2.91186e+06
19.65	-260235	2.88323e+06
19.66	-263987	2.85422e+06
19.67	-267704	2.82484e+06
19.68	-271385	2.79508e+06
19.69	-275032	2.76497e+06
19.7	-278642	2.73449e+06
19.71	-282216	2.70365e+06
19.72	-285753	2.67246e+06
19.73	-289253	2.64092e+06
19.74	-292715	2.60904e+06
19.75	-296138	2.57681e+06
19.76	-299523	2.54425e+06
19.77	-302869	2.51135e+06
19.78	-306175	2.47813e+06
19.79	-309441	2.44458e+06
19.8	-312666	2.41071e+06
19.81	-315851	2.37653e+06
19.82	-318994	2.34203e+06
19.83	-322096	2.30723e+06
19.84	-325155	2.27213e+06
19.85	-328172	2.23673e+06
19.86	-331146	2.20104e+06
19.87	-334077	2.16506e+06
19.88	-336964	2.12879e+06
19.89	-339807	2.09225e+06
19.9	-342605	2.05544e+06
19.91	-345359	2.01835e+06
19.92	-348067	1.981e+06
19.93	-350730	1.9434e+06
19.94	-353347	1.90553e+06
19.95	-355918	1.86742e+06
19.96	-358442	1.82907e+06
19.97	-360920	1.79047e+06
19.98	-363350	1.75164e+06
19.99	-365733	1.71259e+06
20	-368068	1.67331e+06
20.01	-370354	1.63381e+06
20.02	-372593	1.59409e+06
20.03	-374782	1.55417e+06
20.04	-376923	1.51404e+06
20.05	-379014	1.47372e+06
20.06	-381055	1.4332e+06
20.07	-383047	1.3925e+06
20.08	-384989	1.35161e+06
20.09	-386880	1.31055e+06
20.1	-388721	1.26931e+06
20.11	-390511	1.22791e+06
20.12	-392250	1.18635e+06
20.13	-393937	1.14463e+06
20.14	-395573	1.10277e+06
20.15	-397158	1.06076e+06
20.16	-398690	1.01861e+06
20.17	-400170	976326
20.18	-401598	933916
20.19	-402973	891384
20.2	-404296	848735
20.21	-405565	805976
20.22	-406782	763110
20.23	-407946	720145
20.24	-409056	677086
20.25	-410112	633938
20.26	-411115	590708
20.27	-412064	547400
20.28	-412960	504020
20.29	-413801	460575
20.3	-414588	417069
20.31	-415321	373509
20.32	-416000	329900
20.33	-416624	286247
20.34	-417193	242558
20.35	-417709	198836
20.36	-418169	155089
20.37	-418575	111321
20.38	-418926	67538.7
20.39	-419222	23747.5
20.4	-419464	-20046.7
20.41	-419650	-63838.3
20.42	-419782	-107622
20.43	-419858	-151391
20.44	-419880	-195140
20.45	-419847	-238864
20.46	-419759	-282557
20.47	-419616	-326212
20.48	-419419	-369825
20.49	-419166	-413390
20.5	-418858	-456900
20.51	-418496	-500351
20.52	-418079	-543737
20.53	-417608	-587051
20.54	-417081	-630288
20.55	-416500	-673443
20.56	-415865	-716510
20.57	-415175	-759483
20.58	-414431	-802357
20.59	-413633	-845126
20.6	-412781	-887785
20.61	-411874	-930327
20.62	-410914	-972747
20.63	-409900	-1.01504e+06
20.64	-408833	-1.0572e+06
20.65	-407712	-1.09922e+06
20.66	-406537	-1.1411e+06
20.67	-405310	-1.18283e+06
20.68	-404029	-1.22441e+06
20.69	-402696	-1.26582e+06
20.7	-401310	-1.30707e+06
20.71	-399871	-1.34815e+06
20.72	-398380	-1.38905e+06
20.73	-396838	-1.42977e+06
20.74	-395243	-1.4703e+06
20.75	-393596	-1.51064e+06
20.76	-391898	-1.55078e+06
20.77	-390149	-1.59073e+06
20.78	-388348	-1.63046e+06
20.79	-386497	-1.66998e+06
20.8	-384596	-1.70928e+06
20.81	-382644	-1.74835e+06
20.82	-380642	-1.7872e+06
20.83	-378590	-1.82582e+06
20.84	-376489	-1.86419e+06
20.85	-374338	-1.90232e+06
20.86	-372138	-1.94021e+06
20.87	-369890	-1.97784e+06
20.88	-367594	-2.01521e+06
20.89	-365249	-2.05231e+06
20.9	-362856	-2.08915e+06
20.91	-360417	-2.12572e+06
20.92	-357930	-2.162e+06
20.93	-355396	-2.19801e+06
20.94	-352815	-2.23372e+06
20.95	-350189	-2.26915e+06
20.96	-347516	-2.30428e+06
20.97	-344799	-2.3391e+06
20.98	-342036	-2.37362e+06
20.99	-339228	-2.40783e+06
21	-336376	-2.44173e+06
21.01	-333480	-2.47531e+06
21.02	-330541	-2.50856e+06
21.03	-327558	-2.54148e+06
21.04	-324532	-2.57407e+06
21.05	-321464	-2.60633e+06
21.06	-318354	-2.63824e+06
21.07	-315202	-2.66981e+06
21.08	-312009	-2.70103e+06
21.09	-308775	-2.7319e+06
21.1	-305501	-2.76241e+06
21.11	-302187	-2.79255e+06
21.12	-298833	-2.82234e+06
21.13	-295441	-2.85175e+06
21.14	-292009	-2.88079e+06
21.15	-288540	-2.90945e+06
21.16	-285032	-2.93774e+06
21.17	-281488	-2.96563e+06
21.18	-277906	-2.99314e+06
21.19	-274288	-3.02026e+06
21.2	-270635	-3.04699e+06
21.21	-266946	-3.07331e+06
21.22	-263222	-3.09924e+06
21.23	-259463	-3.12476e+06
21.24	-255671	-3.14987e+06
21.25	-251845	-3.17456e+06
21.26	-247986	-3.19885e+06
21.27	-244095	-3.22271e+06
21.28	-240172	-3.24615e+06
21.29	-236217	-3.26917e+06
21.3	-232232	-3.29176e+06
21.31	-228216	-3.31392e+06
21.32	-224171	-3.33565e+06
21.33	-220096	-3.35694e+06
21.34	-215992	-3.37779e+06
21.35	-211860	-3.3982e+06
21.36	-207700	-3.41816e+06
21.37	-203513	-3.43768e+06
21.38	-199300	-3.45675e+06
21.39	-195060	-3.47536e+06
21.4	-190795	-3.49353e+06
21.41	-186505	-3.51123e+06
21.42	-182191	-3.52848e+06
21.43	-177852	-3.54526e+06
21.44	-173491	-3.56158e+06
21.45	-169107	-3.57743e+06
21.46	-164700	-3.59282e+06
21.47	-160273	-3.60773e+06
21.48	-155824	-3.62218e+06
21.49	-151354	-3.63615e+06
21.5	-146865	-3.64964e+06
21.51	-142357	-3.66266e+06
21.52	-137830	-3.6752e+06
21.53	-133286	-3.68726e+06
21.54	-128723	-3.69883e+06
21.55	-124144	-3.70993e+06
21.56	-119549	-3.72053e+06
21.57	-114938	-3.73065e+06
21.58	-110312	-3.74028e+06
21.59	-105671	-3.74943e+06
21.6	-101017	-3.75808e+06
21.61	-96349.4	-3.76624e+06
21.62	-91669.2	-3.77391e+06
21.63	-86977.1	-3.78108e+06
21.64	-82273.7	-3.78776e+06
21.65	-77559.4	-3.79395e+06
21.66	-72835	-3.79964e+06
21.67	-68101.1	-3.80483e+06
21.68	-63358.3	-3.80952e+06
21.69	-58607.2	-3.81372e+06
21.7	-53848.4	-3.81741e+06
21.71	-49082.6	-3.82061e+06
21.72	-44310.4	-3.82331e+06
21.73	-39532.4	-3.8255e+06
21.74	-34749.2	-3.8272e+06
21.75	-29961.4	-3.8284e+06
21.76	-25169.7	-3.82909e+06
21.77	-20374.8	-3.82929e+06
21.78	-15577.2	-3.82898e+06
21.79	-10777.5	-3.82818e+06
21.8	-5976.44	-3.82687e+06
21.81	-1174.59	-3.82506e+06
21.82	3627.42	-3.82275e+06
21.83	8428.95	-3.81994e+06
21.84	13229.4	-3.81664e+06
21.85	18028.1	-3.81283e+06
21.86	22824.4	-3.80852e+06
21.87	27617.8	-3.80372e+06
21.88	32407.5	-3.79842e+06
21.89	37193	-3.79262e+06
21.9	41973.6	-3.78633e+06
21.91	46748.8	-3.77954e+06
21.92	51517.8	-3.77225e+06
21.93	56280.1	-3.76447e+06
21.94	61035	-3.7562e+06
21.95	65782	-3.74744e+06
21.96	70520.3	-3.73819e+06
21.97	75249.5	-3.72845e+06
