t, , ,z,3, , ,v,3, , ,z,5, , ,v,5, , ,P
0	0	0	0	0	7750.51
0.01	2.05252e-05	0.00205252	4.89739e-06	0.000489739	7035.99
0.02	5.96561e-05	0.00391309	1.42333e-05	0.00093359	6708.85
0.03	0.000116487	0.00568305	2.77901e-05	0.00135568	6643.63
0.04	0.000190792	0.00743055	4.55122e-05	0.00177221	6606.91
0.05	0.000282411	0.00916192	6.73584e-05	0.00218462	6589.04
0.06	0.000391221	0.0108809	9.3296e-05	0.00259376	6579.19
0.07	0.000517107	0.0125886	0.000123294	0.00299978	6574.29
0.08	0.000659956	0.014285	0.00015732	0.00340265	6569.44
0.09	0.000819646	0.015969	0.000195341	0.00380202	6567.13
0.1	0.000996049	0.0176402	0.000237318	0.00419773	6566.56
0.11	0.00118903	0.019298	0.000283213	0.00458953	6564.24
0.12	0.00139844	0.0209409	0.000332983	0.00497699	6562.05
0.13	0.00162412	0.0225678	0.000386581	0.00535979	6560.21
0.14	0.00186589	0.0241778	0.000443957	0.00573763	6558.98
0.15	0.0021236	0.0257701	0.00050506	0.00611023	6558.29
0.16	0.00239703	0.027344	0.000569833	0.00647731	6557.78
0.17	0.00268602	0.0288984	0.000638219	0.00683858	6554.36
0.18	0.00299034	0.0304318	0.000710154	0.00719354	6548.48
0.19	0.00330976	0.0319426	0.000785572	0.00754176	6547.88
0.2	0.00364408	0.0334313	0.000864404	0.00788326	6542.13
0.21	0.00399304	0.0348959	0.000946579	0.00821746	6539.31
0.22	0.0043564	0.0363363	0.00103202	0.00854425	6538.21
0.23	0.00473392	0.0377522	0.00112066	0.00886347	6534.12
0.24	0.00512534	0.0391421	0.0012124	0.00917468	6528.77
0.25	0.00553039	0.0405049	0.00130718	0.00947755	6526.81
0.26	0.0059488	0.041841	0.0014049	0.00977204	6522.92
0.27	0.00638029	0.0431492	0.00150548	0.0100578	6519.39
0.28	0.00682458	0.044429	0.00160882	0.0103346	6515.46
0.29	0.00728138	0.0456797	0.00171484	0.0106022	6512.01
0.3	0.00775039	0.046901	0.00182345	0.0108605	6507.22
0.31	0.00823131	0.048092	0.00193454	0.0111091	6504.89
0.32	0.00872384	0.0492529	0.00204802	0.011348	6503.76
0.33	0.00922767	0.0503836	0.00216379	0.0115771	6499.46
0.34	0.0097425	0.0514829	0.00228175	0.011796	6498.72
0.35	0.010268	0.0525514	0.0024018	0.0120047	6496.63
0.36	0.0108039	0.0535884	0.00252383	0.0122032	6493.36
0.37	0.0113498	0.0545933	0.00264774	0.012391	6493.38
0.38	0.0119055	0.0555667	0.00277342	0.0125683	6491.63
0.39	0.0124706	0.0565079	0.00290077	0.0127349	6490.46
0.4	0.0130447	0.0574169	0.00302968	0.0128906	6489.04
0.41	0.0136277	0.0582935	0.00316003	0.0130353	6487.93
0.42	0.0142191	0.0591376	0.00329172	0.0131691	6488.58
0.43	0.0148186	0.0599497	0.00342464	0.0132918	6487.36
0.44	0.0154258	0.0607291	0.00355867	0.0134033	6486.51
0.45	0.0160406	0.061476	0.00369371	0.0135035	6484.78
0.46	0.0166625	0.06219	0.00382963	0.0135924	6486.55
0.47	0.0172912	0.0628722	0.00396633	0.0136702	6487.04
0.48	0.0179265	0.0635224	0.0041037	0.0137366	6485.62
0.49	0.0185679	0.06414	0.00424161	0.0137915	6486.6
0.5	0.0192151	0.0647259	0.00437997	0.0138352	6488.49
0.51	0.0198679	0.0652804	0.00451864	0.0138676	6490.57
0.52	0.020526	0.0658038	0.00465753	0.0138888	6492.59
0.53	0.0211889	0.0662963	0.00479652	0.0138988	6494.8
0.54	0.0218565	0.0667582	0.0049355	0.0138976	6496.77
0.55	0.0225284	0.0671896	0.00507435	0.0138853	6498.81
0.56	0.0232043	0.067591	0.00521297	0.0138619	6500.98
0.57	0.0238839	0.0679626	0.00535124	0.0138275	6504.05
0.58	0.024567	0.068305	0.00548906	0.0137821	6506.31
0.59	0.0252532	0.0686183	0.00562632	0.0137259	6510.14
0.6	0.0259422	0.0689035	0.00576291	0.0136591	6516.03
0.61	0.0266338	0.0691614	0.00589873	0.0135818	6511.92
0.62	0.0273277	0.0693899	0.00603367	0.0134936	6538.89
0.63	0.0280237	0.0695976	0.00616763	0.0133964	6568.52
0.64	0.0287215	0.0697856	0.00630054	0.0132908	6595.8
0.65	0.0294211	0.069954	0.00643231	0.0131765	6608.34
0.66	0.0301221	0.0700991	0.00656283	0.0130529	6620.27
0.67	0.0308243	0.0702215	0.00669203	0.01292	6627.61
0.68	0.0315275	0.0703205	0.00681981	0.0127778	6635.82
0.69	0.0322315	0.0703967	0.00694608	0.0126265	6644.14
0.7	0.032936	0.0704508	0.00707074	0.0124662	6655.06
0.71	0.0336408	0.0704841	0.00719371	0.0122974	6657.08
0.72	0.0343458	0.0704949	0.00731491	0.0121196	6664.02
0.73	0.0350506	0.0704849	0.00743424	0.0119334	6680.2
0.74	0.0357552	0.0704573	0.00755164	0.0117396	6685.22
0.75	0.0364593	0.0704098	0.00766701	0.0115377	6698.72
0.76	0.0371627	0.0703452	0.0077803	0.0113285	6703.06
0.77	0.0378654	0.0702618	0.00789142	0.0111116	6709.61
0.78	0.038567	0.0701607	0.00800029	0.0108875	6716.98
0.79	0.0392674	0.070043	0.00810686	0.0106565	6736.37
0.8	0.0399665	0.0699123	0.00821105	0.0104196	6735.2
0.81	0.0406642	0.069764	0.00831281	0.0101757	6745.35
0.82	0.0413602	0.0696018	0.00841207	0.00992585	6756.67
0.83	0.0420544	0.0694265	0.00850877	0.00967044	6768.23
0.84	0.0427468	0.069239	0.00860287	0.00940976	6777.97
0.85	0.0434372	0.0690395	0.00869431	0.00914399	6786.7
0.86	0.0441255	0.0688284	0.00878304	0.00887338	6810.34
0.87	0.0448116	0.0686103	0.00886903	0.00859917	6803.31
0.88	0.0454954	0.0683777	0.00895223	0.00831975	6796.8
0.89	0.0461767	0.0681316	0.00903259	0.00803546	6789.65
0.9	0.0468554	0.0678723	0.00911005	0.0077466	6784.67
0.91	0.0475314	0.0676013	0.00918459	0.00745364	6779.56
0.92	0.0482046	0.067319	0.00925616	0.00715691	6778.15
0.93	0.0488749	0.0670273	0.00932473	0.00685697	6777.84
0.94	0.0495422	0.0667269	0.00939027	0.00655426	6781.69
0.95	0.0502064	0.0664198	0.00945276	0.00624937	6787.2
0.96	0.0508674	0.066107	0.00951219	0.00594277	6794.65
0.97	0.0515253	0.0657897	0.00956854	0.00563493	6801.11
0.98	0.05218	0.0654682	0.0096218	0.00532616	6810.19
0.99	0.0528315	0.065144	0.00967197	0.00501698	6818.5
1	0.0534796	0.0648173	0.00971905	0.00470769	6829.26
1.01	0.0541245	0.0644898	0.00976304	0.00439887	6832.09
1.02	0.0547661	0.06416	0.00980394	0.00409041	6895.67
1.03	0.0554046	0.0638448	0.00984181	0.00378654	6949.17
1.04	0.05604	0.0635424	0.00987668	0.00348702	6987.69
1.05	0.0566725	0.0632494	0.00990859	0.0031913	7016.41
1.06	0.0573021	0.0629639	0.00993758	0.00289915	7035.38
1.07	0.057929	0.0626839	0.00996369	0.00261035	7051.65
1.08	0.0585531	0.0624095	0.00998694	0.0023251	7063.14
1.09	0.0591745	0.0621399	0.0100074	0.0020435	7081.04
1.1	0.0597932	0.0618774	0.010025	0.00176633	7091.88
1.11	0.0604094	0.0616207	0.01004	0.00149352	7103.02
1.12	0.0610231	0.0613704	0.0100522	0.00122547	7115.6
1.13	0.0616344	0.0611274	0.0100619	0.000962654	7134.8
1.14	0.0622434	0.060894	0.0100689	0.000705852	7146.48
1.15	0.06285	0.0606685	0.0100735	0.000454959	7168.9
1.16	0.0634546	0.0604543	0.0100756	0.000211014	7163.25
1.17	0.064057	0.0602443	0.0100753	-2.73971e-05	7157.91
1.18	0.0646574	0.0600389	0.0100727	-0.000259903	7151.46
1.19	0.0652558	0.0598382	0.0100678	-0.000486224	7145.55
1.2	0.0658522	0.0596427	0.0100608	-0.000705981	7142.44
1.21	0.0664468	0.0594534	0.0100516	-0.000918658	7142.87
1.22	0.0670395	0.0592715	0.0100404	-0.0011237	7144.61
1.23	0.0676305	0.0590975	0.0100271	-0.00132069	7149
1.24	0.0682198	0.0589323	0.0100121	-0.00150914	7155.62
1.25	0.0688075	0.0587767	0.00999517	-0.0016886	7164.7
1.26	0.0693939	0.0586316	0.00997658	-0.0018586	7175.68
1.27	0.0699788	0.0584974	0.00995639	-0.00201873	7185.2
1.28	0.0705626	0.0583739	0.00993471	-0.00216879	7199.55
1.29	0.0711452	0.0582623	0.00991162	-0.00230818	7213.63
1.3	0.0717268	0.0581626	0.00988726	-0.00243665	7227.57
1.31	0.0723076	0.0580748	0.00986172	-0.00255394	7239.45
1.32	0.0728875	0.0579981	0.00983512	-0.00265994	7254
1.33	0.0734669	0.0579333	0.00980758	-0.00275421	7270.43
1.34	0.0740457	0.0578806	0.00977921	-0.0028364	7286.07
1.35	0.0746241	0.0578396	0.00975015	-0.00290635	7300.03
1.36	0.0752022	0.0578098	0.00972051	-0.00296393	7314.26
1.37	0.0757801	0.0577909	0.00969042	-0.00300892	7328.94
1.38	0.0763579	0.0577827	0.00966001	-0.0030411	7343.59
1.39	0.0769358	0.057785	0.00962941	-0.00306028	7356.79
1.4	0.0775137	0.057797	0.00959874	-0.00306639	7370.07
1.41	0.0780919	0.0578183	0.00956815	-0.00305924	7384.99
1.42	0.0786704	0.057849	0.00953776	-0.0030386	7399
1.43	0.0792493	0.0578883	0.00950772	-0.00300436	7412.92
1.44	0.0798287	0.0579358	0.00947816	-0.00295641	7427.7
1.45	0.0804086	0.0579912	0.00944921	-0.00289458	7443.99
1.46	0.0809891	0.0580543	0.00942102	-0.00281867	7457.79
1.47	0.0815703	0.0581239	0.00939374	-0.00272873	7472.38
1.48	0.0821523	0.0581995	0.00936749	-0.00262465	7484.45
1.49	0.0827351	0.0582799	0.00934243	-0.0025065	7499.76
1.5	0.0833188	0.0583652	0.00931869	-0.00237403	7513.77
1.51	0.0839033	0.0584545	0.00929641	-0.00222728	7527.81
1.52	0.0844888	0.0585469	0.00927575	-0.0020662	7542.67
1.53	0.0850752	0.058642	0.00925684	-0.00189073	7558.65
1.54	0.0856626	0.0587392	0.00923984	-0.0017008	7571.68
1.55	0.086251	0.058837	0.00922487	-0.00149659	7589.67
1.56	0.0868403	0.0589359	0.00921209	-0.0012778	7602.7
1.57	0.0874307	0.0590336	0.00920164	-0.0010448	7617.79
1.58	0.088022	0.0591298	0.00919367	-0.000797474	7630.71
1.59	0.0886142	0.0592231	0.00918831	-0.000536035	7645.48
1.6	0.0892073	0.059313	0.0091857	-0.00026043	7660.34
1.61	0.0898013	0.0593985	0.009186	2.92642e-05	7675.01
1.62	0.0903961	0.0594787	0.00918933	0.000332941	7689.66
1.63	0.0909916	0.0595526	0.00919583	0.000650491	7703.39
1.64	0.0915878	0.0596188	0.00920565	0.000981737	7718.12
1.65	0.0921846	0.0596767	0.00921891	0.00132661	7731.85
1.66	0.0927818	0.059725	0.00923576	0.0016849	7745.69
1.67	0.0933795	0.0597625	0.00925633	0.00205645	7760.97
1.68	0.0939774	0.0597886	0.00928074	0.0024412	7777.82
1.69	0.0945754	0.0598027	0.00930913	0.00283905	7793.05
1.7	0.0951734	0.0598032	0.00934163	0.00324971	7805.93
1.71	0.0957713	0.0597884	0.00937836	0.00367283	7820.35
1.72	0.0963689	0.0597575	0.00941944	0.00410828	7833.97
1.73	0.096966	0.0597093	0.009465	0.00455579	7850.87
1.74	0.0975624	0.0596435	0.00951515	0.00501532	7865.17
1.75	0.098158	0.0595582	0.00957001	0.00548645	7879.67
1.76	0.0987525	0.0594524	0.0096297	0.00596893	7895.78
1.77	0.0993458	0.0593253	0.00969433	0.00646259	7907.27
1.78	0.0999375	0.0591745	0.009764	0.00696685	7924.85
1.79	0.100528	0.0590006	0.00983882	0.00748181	7939.62
1.8	0.101116	0.0588016	0.00991889	0.00800696	7956.13
1.81	0.101701	0.0585768	0.0100043	0.00854211	7970.53
1.82	0.102285	0.0583245	0.0100952	0.00908679	7985.75
1.83	0.102865	0.0580438	0.0101916	0.00964072	8002.44
1.84	0.103442	0.0577339	0.0102936	0.0102036	8017.83
1.85	0.104016	0.0573933	0.0104014	0.0107751	8030.96
1.86	0.104586	0.0570204	0.0105149	0.0113546	8044.15
1.87	0.105153	0.056614	0.0106343	0.0119418	8057.96
1.88	0.105714	0.0561731	0.0107597	0.0125364	8075.51
1.89	0.106271	0.0556977	0.0108911	0.0131381	8089.35
1.9	0.106823	0.0551857	0.0110285	0.0137463	8107.84
1.91	0.10737	0.0546372	0.0111722	0.0143609	8123.19
1.92	0.10791	0.0540503	0.011322	0.0149814	8137.59
1.93	0.108444	0.0534237	0.011478	0.0156072	8152.44
1.94	0.108972	0.0527566	0.0116404	0.0162379	8168.36
1.95	0.109492	0.0520482	0.0118091	0.0168731	8183.93
1.96	0.110005	0.0512973	0.0119843	0.0175125	8199.82
1.97	0.11051	0.0505031	0.0121658	0.0181555	8219.29
1.98	0.111007	0.0496657	0.0123538	0.0188019	8236.5
1.99	0.111495	0.0487834	0.0125484	0.0194511	8252.71
2	0.111973	0.0478551	0.0127494	0.0201026	8265.25
2.01	0.112442	0.0468789	0.0129569	0.0207557	8283.81
2.02	0.112901	0.0458556	0.013171	0.0214103	8301.26
2.03	0.113349	0.044784	0.0133917	0.0220659	8314.06
2.04	0.113785	0.0436621	0.0136189	0.0227216	8330.8
2.05	0.11421	0.0424902	0.0138527	0.0233772	8346.8
2.06	0.114623	0.0412674	0.014093	0.0240322	8364.95
2.07	0.115023	0.0399934	0.0143399	0.0246863	8381.7
2.08	0.115409	0.0386673	0.0145933	0.0253388	8396.31
2.09	0.115782	0.0372878	0.0148532	0.0259891	8414.08
2.1	0.116141	0.0358551	0.0151195	0.0266369	8430.67
2.11	0.116484	0.0343684	0.0153923	0.0272817	8448.65
2.12	0.116813	0.0328275	0.0156716	0.027923	8466.68
2.13	0.117125	0.0312319	0.0159572	0.0285604	8483.07
2.14	0.117421	0.0295807	0.0162491	0.0291932	8499.97
2.15	0.1177	0.0278735	0.0165473	0.0298209	8517.18
2.16	0.117961	0.0261102	0.0168517	0.0304431	8532.05
2.17	0.118204	0.0242896	0.0171623	0.0310592	8549.29
2.18	0.118428	0.0224121	0.017479	0.0316687	8569.36
2.19	0.118633	0.0204783	0.0178017	0.0322714	8587.58
2.2	0.118817	0.0184873	0.0181304	0.0328667	8603.22
2.21	0.118982	0.0164382	0.0184649	0.0334538	8618.58
2.22	0.119125	0.0143309	0.0188053	0.0340324	8635.14
2.23	0.119247	0.0121656	0.0191513	0.0346019	8653.19
2.24	0.119346	0.00994257	0.0195029	0.035162	8671.24
2.25	0.119423	0.00766178	0.01986	0.0357122	8690.7
2.26	0.119476	0.00532366	0.0202225	0.0362522	8711.17
2.27	0.119505	0.00292851	0.0205904	0.0367814	8729.54
2.28	0.11951	0.000475904	0.0209634	0.0372994	8748.44
2.29	0.11949	-0.00203388	0.0213414	0.0378057	8766.87
2.3	0.119444	-0.00460077	0.0217244	0.0382997	8785.39
2.31	0.119371	-0.00722449	0.0221122	0.0387811	8807.22
2.32	0.119272	-0.00990389	0.0225047	0.0392497	8821.85
2.33	0.119146	-0.0126405	0.0229018	0.0397044	8849.29
2.34	0.118992	-0.0154306	0.0233032	0.0401458	8869.37
2.35	0.118809	-0.0182758	0.023709	0.0405729	8884.77
2.36	0.118597	-0.0211767	0.0241188	0.0409849	8901.37
2.37	0.118356	-0.0241325	0.0245326	0.0413817	8920.85
2.38	0.118084	-0.027142	0.0249502	0.0417629	8933.68
2.39	0.117782	-0.0302062	0.0253715	0.0421277	8960.66
2.4	0.117449	-0.0333208	0.0257963	0.0424767	8981.53
2.41	0.117084	-0.0364867	0.0262244	0.0428091	9003.05
2.42	0.116687	-0.039703	0.0266556	0.0431245	9022.13
2.43	0.116258	-0.0429695	0.0270899	0.0434225	9034.88
2.44	0.115795	-0.0462871	0.0275269	0.0437023	9059.72
2.45	0.115298	-0.0496517	0.0279665	0.0439643	9080.69
2.46	0.114768	-0.0530635	0.0284086	0.0442079	9102.83
2.47	0.114202	-0.0565211	0.0288529	0.044433	9142.29
2.48	0.113602	-0.0600189	0.0292993	0.0446402	9172.99
2.49	0.112967	-0.0635583	0.0297476	0.0448288	9199.87
2.5	0.112295	-0.0671392	0.0301976	0.0449983	9213.05
2.51	0.111588	-0.070764	0.0306491	0.0451474	9224.47
2.52	0.110843	-0.0744321	0.0311018	0.0452758	9236.47
2.53	0.110062	-0.0781422	0.0315557	0.0453833	9251.01
2.54	0.109243	-0.0818922	0.0320104	0.0454697	9270.65
2.55	0.108386	-0.0856796	0.0324657	0.0455353	9283.72
2.56	0.107491	-0.0895048	0.0329215	0.0455794	9303.85
2.57	0.106557	-0.0933645	0.0333775	0.0456022	9317.73
2.58	0.105585	-0.0972589	0.0338336	0.0456031	9372.41
2.59	0.104573	-0.101176	0.0342894	0.0455845	9393.4
2.6	0.103522	-0.105123	0.0347448	0.0455442	9412.11
2.61	0.102431	-0.109099	0.0351997	0.0454818	9432.14
2.62	0.1013	-0.113103	0.0356536	0.0453972	9454.22
2.63	0.100128	-0.117131	0.0361065	0.0452906	9473.7
2.64	0.0989166	-0.121184	0.0365582	0.0451616	9488.86
2.65	0.097664	-0.12526	0.0370083	0.0450097	9505.1
2.66	0.0963705	-0.129358	0.0374566	0.0448351	9524.12
2.67	0.0950357	-0.133476	0.037903	0.0446378	9544.91
2.68	0.0936596	-0.13761	0.0383472	0.0444179	9562.71
2.69	0.092242	-0.141761	0.0387889	0.0441751	9578.92
2.7	0.0907827	-0.145927	0.039228	0.0439092	9598.28
2.71	0.0892817	-0.150105	0.0396642	0.0436206	9612.4
2.72	0.0877387	-0.154294	0.0400973	0.0433087	9633.82
2.73	0.0861538	-0.158492	0.040527	0.0429742	9650.94
2.74	0.0845268	-0.162697	0.0409532	0.0426167	9672.79
2.75	0.0828578	-0.166906	0.0413756	0.0422366	9694.05
2.76	0.0811466	-0.171118	0.0417939	0.0418338	9707.28
2.77	0.0793933	-0.175332	0.042208	0.0414081	9722.85
2.78	0.0775978	-0.179546	0.0426176	0.0409594	9743.58
2.79	0.0757603	-0.183757	0.0430225	0.0404884	9768.99
2.8	0.0738807	-0.187961	0.0434224	0.0399954	9777.58
2.81	0.071959	-0.192161	0.0438172	0.0394793	9792.8
2.82	0.0699955	-0.196354	0.0442066	0.0389409	9814.11
2.83	0.0679902	-0.200535	0.0445904	0.0383806	9833.26
2.84	0.0659431	-0.204704	0.0449684	0.0377984	9850.09
2.85	0.0638545	-0.208858	0.0453404	0.0371943	9864.21
2.86	0.0617246	-0.212996	0.045706	0.0365684	9879.64
2.87	0.0595534	-0.217117	0.0460653	0.0359209	9897.91
2.88	0.0573412	-0.221217	0.0464178	0.0352522	9907.68
2.89	0.0550883	-0.225296	0.0467634	0.034562	9925.08
2.9	0.0527948	-0.229351	0.0471019	0.0338511	9940.53
2.91	0.050461	-0.23338	0.0474331	0.0331195	9954.45
2.92	0.0480872	-0.237381	0.0477568	0.0323673	9967.6
2.93	0.0456736	-0.241352	0.0480727	0.0315949	9983.23
2.94	0.0432207	-0.245292	0.0483807	0.0308026	9997.1
2.95	0.0407287	-0.249197	0.0486807	0.0299907	10009.5
2.96	0.0381981	-0.253067	0.0489722	0.0291593	10027.2
2.97	0.0356291	-0.256898	0.0492553	0.0283091	10041.2
2.98	0.0330222	-0.260689	0.0495297	0.0274401	10054.4
2.99	0.0303778	-0.264438	0.0497953	0.0265527	10068.7
3	0.0276964	-0.268143	0.0500517	0.0256473	10079.9
3.01	0.0249784	-0.271803	0.050299	0.0247241	10091
3.02	0.0222242	-0.275416	0.0505368	0.0237833	10105.3
3.03	0.0194344	-0.278979	0.0507651	0.0228256	10118.8
3.04	0.0166095	-0.28249	0.0509836	0.0218514	10129.5
3.05	0.01375	-0.285948	0.0511922	0.0208607	10140.7
3.06	0.0108565	-0.289352	0.0513907	0.0198542	10151.9
3.07	0.00792953	-0.292699	0.0515791	0.0188321	10165.4
3.08	0.00496967	-0.295986	0.051757	0.0177951	10176.1
3.09	0.00197754	-0.299213	0.0519244	0.0167434	10187
3.1	-0.00104624	-0.302378	0.0520812	0.0156774	10196.5
3.11	-0.00410103	-0.305479	0.0522272	0.0145976	10202.3
3.12	-0.00718619	-0.308516	0.0523622	0.0135041	10217.7
3.13	-0.010301	-0.311484	0.0524862	0.012398	10227
3.14	-0.0134449	-0.314383	0.052599	0.0112794	10237.8
3.15	-0.016617	-0.317211	0.0527005	0.0101489	10245.3
3.16	-0.0198166	-0.319968	0.0527906	0.00900668	10253
3.17	-0.0230432	-0.322651	0.0528691	0.00785332	10261.2
3.18	-0.0262957	-0.325258	0.052936	0.00668931	10267.7
3.19	-0.0295736	-0.32779	0.0529911	0.00551508	10276.2
3.2	-0.0328761	-0.330243	0.0530344	0.00433122	10285.1
3.21	-0.0362022	-0.332616	0.0530658	0.00313829	10289.3
3.22	-0.0395513	-0.334909	0.0530852	0.00193649	10300.5
3.23	-0.0429225	-0.337119	0.0530925	0.000726791	10308.5
3.24	-0.0463149	-0.339244	0.0530876	-0.000490493	10315
3.25	-0.0497278	-0.341284	0.0530704	-0.00171492	10319.5
3.26	-0.0531602	-0.343238	0.0530409	-0.0029461	10326.3
3.27	-0.0566112	-0.345105	0.0529991	-0.00418335	10332.2
3.28	-0.0600801	-0.346883	0.0529449	-0.00542619	10337.9
3.29	-0.0635658	-0.348571	0.0528781	-0.0066741	10343.6
3.3	-0.0670674	-0.350168	0.0527988	-0.00792654	10347
3.31	-0.0705842	-0.351673	0.052707	-0.00918311	10353.6
3.32	-0.074115	-0.353084	0.0526026	-0.0104431	10356.9
3.33	-0.077659	-0.354402	0.0524855	-0.0117061	10360.8
3.34	-0.0812153	-0.355625	0.0523558	-0.0129716	10364.1
3.35	-0.0847828	-0.356752	0.0522134	-0.014239	10369.2
3.36	-0.0883606	-0.357782	0.0520583	-0.0155078	10371
3.37	-0.0919478	-0.358715	0.0518906	-0.0167775	10372.6
3.38	-0.0955433	-0.35955	0.0517101	-0.0180477	10375.9
3.39	-0.0991461	-0.360285	0.0515169	-0.0193177	10378.9
3.4	-0.102755	-0.360921	0.051311	-0.0205869	10380.4
3.41	-0.10637	-0.361456	0.0510925	-0.021855	10382.2
3.42	-0.109989	-0.361891	0.0508613	-0.0231213	10384.2
3.43	-0.113611	-0.362224	0.0506174	-0.0243854	10385.5
3.44	-0.117236	-0.362455	0.050361	-0.0256467	10386.7
3.45	-0.120861	-0.362583	0.0500919	-0.0269046	10388
3.46	-0.124488	-0.362609	0.0498103	-0.0281588	10388.6
3.47	-0.128113	-0.362531	0.0495162	-0.0294086	10391.2
3.48	-0.131736	-0.362349	0.0492097	-0.0306535	10389.3
3.49	-0.135357	-0.362063	0.0488908	-0.0318933	10387.4
3.5	-0.138974	-0.361675	0.0485595	-0.0331273	10386.6
3.51	-0.142585	-0.361181	0.0482159	-0.034355	10386.8
3.52	-0.146191	-0.360584	0.0478602	-0.0355759	10391.3
3.53	-0.14979	-0.35988	0.0474923	-0.0367891	10389.2
3.54	-0.153381	-0.359072	0.0471123	-0.0379947	10388.9
3.55	-0.156962	-0.358159	0.0467204	-0.039192	10385.1
3.56	-0.160534	-0.357142	0.0463166	-0.0403807	10384.4
3.57	-0.164094	-0.35602	0.045901	-0.0415603	10383.7
3.58	-0.167642	-0.354794	0.0454737	-0.0427301	10381.7
3.59	-0.171177	-0.353463	0.0450348	-0.0438898	10381.6
3.6	-0.174697	-0.352028	0.0445844	-0.0450389	10374.9
3.61	-0.178202	-0.35049	0.0441227	-0.0461773	10364.5
3.62	-0.18169	-0.348851	0.0436496	-0.0473048	10375
3.63	-0.185161	-0.347104	0.0431654	-0.0484197	10371.4
3.64	-0.188614	-0.345256	0.0426702	-0.0495224	10371.6
3.65	-0.192047	-0.343304	0.0421641	-0.0506122	10368.7
3.66	-0.195459	-0.34125	0.0416472	-0.051689	10361.7
3.67	-0.19885	-0.339096	0.0411197	-0.0527526	10366.4
3.68	-0.202219	-0.336838	0.0405816	-0.0538019	10358.9
3.69	-0.205564	-0.334482	0.0400333	-0.0548372	10358.9
3.7	-0.208884	-0.332024	0.0394747	-0.0558577	10352.5
3.71	-0.212179	-0.329468	0.038906	-0.0568635	10352.5
3.72	-0.215447	-0.326813	0.0383275	-0.0578537	10349.2
3.73	-0.218687	-0.32406	0.0377392	-0.0588283	10341.7
3.74	-0.221899	-0.321211	0.0371414	-0.0597871	10332.8
3.75	-0.225082	-0.318267	0.0365341	-0.06073	10339
3.76	-0.228234	-0.315225	0.0359175	-0.0616556	10333.2
3.77	-0.231355	-0.312089	0.0352919	-0.0625643	10326.7
3.78	-0.234444	-0.30886	0.0346573	-0.0634561	10323.7
3.79	-0.237499	-0.305538	0.034014	-0.0643302	10327.2
3.8	-0.24052	-0.302122	0.0333621	-0.0651861	10323.2
3.81	-0.243506	-0.298615	0.0327019	-0.066024	10314.4
3.82	-0.246457	-0.295021	0.0320335	-0.0668438	10315.8
3.83	-0.24937	-0.291336	0.031357	-0.0676447	10315.4
3.84	-0.252246	-0.287562	0.0306727	-0.0684265	10310.9
3.85	-0.255083	-0.283702	0.0299809	-0.0691894	10307.4
3.86	-0.25788	-0.279757	0.0292815	-0.0699329	10306.8
3.87	-0.260638	-0.275726	0.028575	-0.0706568	10304.5
3.88	-0.263354	-0.271612	0.0278613	-0.0713609	10304.5
3.89	-0.266028	-0.267416	0.0271409	-0.072045	10299.8
3.9	-0.268659	-0.263139	0.0264138	-0.072709	10298.3
3.91	-0.271247	-0.258782	0.0256803	-0.0733527	10298
3.92	-0.27379	-0.254346	0.0249405	-0.0739758	10298.7
3.93	-0.276289	-0.249833	0.0241947	-0.0745782	10294.9
3.94	-0.278741	-0.245244	0.0234431	-0.0751599	10291.9
3.95	-0.281147	-0.240582	0.0226859	-0.0757209	10290.7
3.96	-0.283506	-0.235846	0.0219233	-0.0762608	10291.7
3.97	-0.285816	-0.231038	0.0211555	-0.0767795	10288.6
3.98	-0.288078	-0.22616	0.0203828	-0.0772771	10288.6
3.99	-0.29029	-0.221214	0.0196052	-0.0777534	10288.2
4	-0.292452	-0.216199	0.0188231	-0.0782082	10287.8
4.01	-0.294563	-0.211119	0.0180367	-0.0786416	10289.5
4.02	-0.296623	-0.205974	0.0172462	-0.0790534	10288
4.03	-0.29863	-0.200766	0.0164518	-0.0794437	10288
4.04	-0.300585	-0.195496	0.0156536	-0.0798124	10290.9
4.05	-0.302487	-0.190166	0.014852	-0.0801594	10289.9
4.06	-0.304335	-0.184778	0.0140472	-0.0804848	10289.9
4.07	-0.306128	-0.179333	0.0132393	-0.0807886	10293.9
4.08	-0.307866	-0.173832	0.0124286	-0.0810706	10296
4.09	-0.309549	-0.168276	0.0116153	-0.0813309	10297.2
4.1	-0.311176	-0.162669	0.0107996	-0.0815696	10298.8
4.11	-0.312746	-0.157011	0.00998173	-0.0817867	10301.8
4.12	-0.314259	-0.151303	0.0091619	-0.0819823	10305.1
4.13	-0.315714	-0.145548	0.00834034	-0.0821563	10309.7
4.14	-0.317112	-0.139746	0.00751725	-0.0823087	10314
4.15	-0.318451	-0.133899	0.00669286	-0.0824397	10315
4.16	-0.319731	-0.12801	0.00586736	-0.0825495	10318.6
4.17	-0.320952	-0.12208	0.00504098	-0.0826382	10324.3
4.18	-0.322113	-0.11611	0.00421392	-0.0827055	10331.5
4.19	-0.323214	-0.110101	0.00338641	-0.0827517	10337
4.2	-0.324254	-0.104055	0.00255864	-0.0827769	10345.3
4.21	-0.325234	-0.0979735	0.00173083	-0.082781	10350.9
4.22	-0.326153	-0.0918587	0.000903182	-0.0827645	10358.8
4.23	-0.32701	-0.0857116	7.59095e-05	-0.0827273	10365.2
4.24	-0.327805	-0.0795344	-0.000750787	-0.0826696	10373.9
4.25	-0.328538	-0.0733281	-0.0015767	-0.0825916	10381.1
4.26	-0.329209	-0.0670949	-0.00240164	-0.0824934	10389.9
4.27	-0.329818	-0.0608359	-0.00322539	-0.0823751	10398.8
4.28	-0.330363	-0.0545528	-0.00404776	-0.082237	10407.8
4.29	-0.330846	-0.0482474	-0.00486855	-0.0820791	10419.2
4.3	-0.331265	-0.0419206	-0.00568757	-0.0819017	10428.6
4.31	-0.331621	-0.0355746	-0.00650461	-0.0817049	10437.6
4.32	-0.331913	-0.0292113	-0.00731951	-0.0814892	10447.6
4.33	-0.332141	-0.022832	-0.00813205	-0.0812545	10453.8
4.34	-0.332306	-0.0164394	-0.00894206	-0.0810014	10468.3
4.35	-0.332406	-0.0100329	-0.00974936	-0.0807296	10482.5
4.36	-0.332442	-0.00361424	-0.0105538	-0.0804394	10495.1
4.37	-0.332414	0.00281449	-0.0113551	-0.080131	10509.5
4.38	-0.332321	0.0092522	-0.0121531	-0.0798047	10524.1
4.39	-0.332164	0.0156973	-0.0129477	-0.0794607	10536.5
4.4	-0.331943	0.0221476	-0.0137387	-0.0790994	10550.5
4.41	-0.331657	0.0286019	-0.0145259	-0.0787209	10565.1
4.42	-0.331306	0.0350587	-0.0153092	-0.0783255	10579.1
4.43	-0.330891	0.0415165	-0.0160883	-0.0779134	10593.3
4.44	-0.330411	0.0479735	-0.0168632	-0.0774851	10611.8
4.45	-0.329867	0.0544295	-0.0176336	-0.0770404	10631.6
4.46	-0.329258	0.0608832	-0.0183994	-0.0765795	10655.6
4.47	-0.328585	0.0673343	-0.0191604	-0.0761026	10680.9
4.48	-0.327847	0.0737814	-0.0199165	-0.0756097	10708.7
4.49	-0.327045	0.0802239	-0.0206675	-0.0751011	10739.7
4.5	-0.326178	0.086661	-0.0214133	-0.0745769	10775.4
4.51	-0.325247	0.0930925	-0.0221536	-0.0740369	10817
4.52	-0.324252	0.0995185	-0.0228884	-0.0734812	10864.5
4.53	-0.323193	0.105939	-0.0236175	-0.0729097	10921.4
4.54	-0.322069	0.112355	-0.0243408	-0.0723222	10995.6
4.55	-0.320881	0.11877	-0.0250579	-0.0717177	11077.6
4.56	-0.31963	0.125184	-0.0257689	-0.0710963	11202.2
4.57	-0.318314	0.131607	-0.0264735	-0.0704554	11292.9
4.58	-0.316933	0.138029	-0.0271714	-0.0697976	11392.7
4.59	-0.315489	0.144451	-0.0278627	-0.0691225	11505.2
4.6	-0.31398	0.150874	-0.028547	-0.0684299	11668.7
4.61	-0.312407	0.157311	-0.0292241	-0.0677167	11831.2
4.62	-0.310769	0.16376	-0.029894	-0.0669833	11999.7
4.63	-0.309067	0.170221	-0.0305563	-0.0662298	12184.3
4.64	-0.3073	0.176696	-0.0312108	-0.0654556	12378.2
4.65	-0.305468	0.183187	-0.0318574	-0.0646602	12570.9
4.66	-0.303571	0.189691	-0.0324959	-0.0638443	12754.2
4.67	-0.301609	0.196205	-0.0331259	-0.0630088	12919.1
4.68	-0.299582	0.202723	-0.0337475	-0.0621552	13081.2
4.69	-0.29749	0.209241	-0.0343603	-0.0612842	13234
4.7	-0.295332	0.215756	-0.0349643	-0.0603966	13383.6
4.71	-0.293109	0.222266	-0.0355592	-0.0594931	13558.1
4.72	-0.290822	0.228775	-0.036145	-0.0585726	13701.3
4.73	-0.288469	0.235273	-0.0367213	-0.0576373	13888.4
4.74	-0.286051	0.241771	-0.0372882	-0.0566849	14041.2
4.75	-0.283569	0.248257	-0.0378454	-0.0557181	14204.8
4.76	-0.281021	0.254733	-0.0383927	-0.0547365	14396.6
4.77	-0.278409	0.261205	-0.0389301	-0.0537388	14553.7
4.78	-0.275733	0.267662	-0.0394574	-0.0527275	14675.1
4.79	-0.272992	0.274093	-0.0399744	-0.0517054	14808.6
4.8	-0.270187	0.280499	-0.0404812	-0.0506721	14904.4
4.81	-0.267318	0.286868	-0.0409775	-0.0496304	15022.9
4.82	-0.264386	0.293206	-0.0414633	-0.0485793	15117
4.83	-0.261391	0.299503	-0.0419385	-0.0475208	15225.6
4.84	-0.258333	0.305763	-0.042403	-0.0464543	15310.6
4.85	-0.255214	0.311977	-0.0428568	-0.0453818	15398.5
4.86	-0.252032	0.318144	-0.0432999	-0.0443034	15469.7
4.87	-0.24879	0.324259	-0.0437321	-0.0432206	15542.5
4.88	-0.245486	0.33032	-0.0441534	-0.0421337	15600.6
4.89	-0.242123	0.336321	-0.0445639	-0.0410441	15658.4
4.9	-0.238701	0.342262	-0.0449634	-0.0399522	15706.3
4.91	-0.235219	0.348138	-0.045352	-0.0388589	15750.2
4.92	-0.23168	0.353947	-0.0457296	-0.0377648	15787.4
4.93	-0.228083	0.359685	-0.0460963	-0.0366709	15820.3
4.94	-0.224429	0.36535	-0.0464521	-0.0355776	15854.6
4.95	-0.22072	0.37094	-0.046797	-0.0344853	15882.1
4.96	-0.216955	0.376453	-0.0471309	-0.0333948	15905.3
4.97	-0.213137	0.381886	-0.047454	-0.0323066	15926.4
4.98	-0.209264	0.387238	-0.0477662	-0.0312212	15942.8
4.99	-0.205339	0.392505	-0.0480676	-0.0301392	15957.1
5	-0.201362	0.397686	-0.0483582	-0.0290611	15972.3
5.01	-0.197334	0.40278	-0.0486381	-0.0279871	15980
5.02	-0.193257	0.407784	-0.0489072	-0.026918	15991.7
5.03	-0.18913	0.412698	-0.0491658	-0.0258538	16000.7
5.04	-0.184954	0.417519	-0.0494137	-0.0247949	16007.4
5.05	-0.180732	0.422247	-0.0496511	-0.0237418	16015.3
5.06	-0.176463	0.426881	-0.0498781	-0.0226946	16017.3
5.07	-0.172149	0.431417	-0.0500946	-0.021654	16023.3
5.08	-0.16779	0.435857	-0.0503008	-0.0206198	16028.6
5.09	-0.163388	0.440199	-0.0504967	-0.0195925	16033.9
5.1	-0.158944	0.444442	-0.0506825	-0.0185722	16034.5
5.11	-0.154458	0.448584	-0.0508581	-0.0175593	16042.7
5.12	-0.149932	0.452627	-0.0510236	-0.0165537	16047.4
5.13	-0.145366	0.456568	-0.0511792	-0.0155556	16047.3
5.14	-0.140762	0.460406	-0.0513248	-0.0145657	16050.7
5.15	-0.136121	0.464141	-0.0514606	-0.0135837	16049.7
5.16	-0.131443	0.467771	-0.0515867	-0.0126102	16053
5.17	-0.12673	0.471296	-0.0517032	-0.011645	16053.7
5.18	-0.121983	0.474716	-0.0518101	-0.0106884	16053.1
5.19	-0.117203	0.47803	-0.0519075	-0.00974061	16061.1
5.2	-0.11239	0.481239	-0.0519955	-0.00880115	16062
5.21	-0.107547	0.484341	-0.0520742	-0.0078706	16063.2
5.22	-0.102673	0.487336	-0.0521437	-0.00694903	16068.7
5.23	-0.0977712	0.490224	-0.0522041	-0.00603623	16073.9
5.24	-0.0928412	0.493005	-0.0522554	-0.00513229	16075.9
5.25	-0.0878844	0.495678	-0.0522978	-0.00423746	16074.4
5.26	-0.082902	0.498242	-0.0523313	-0.00335202	16081.2
5.27	-0.077895	0.500699	-0.052356	-0.00247548	16086.8
5.28	-0.0728645	0.503047	-0.0523721	-0.00160793	16082.6
5.29	-0.0678117	0.505285	-0.0523796	-0.000750037	16097.8
5.3	-0.0627375	0.507418	-0.0523786	9.9446e-05	16099.9
5.31	-0.0576431	0.509441	-0.0523692	0.000939674	16113
5.32	-0.0525295	0.511359	-0.0523515	0.00177136	16121.8
5.33	-0.0473978	0.513168	-0.0523256	0.00259425	16128.8
5.34	-0.0422491	0.51487	-0.0522915	0.00340825	16135.2
5.35	-0.0370845	0.516464	-0.0522493	0.00421336	16145.4
5.36	-0.0319049	0.517952	-0.0521992	0.00500986	16154.5
5.37	-0.0267116	0.519332	-0.0521413	0.00579773	16160.5
5.38	-0.0215056	0.520604	-0.0520755	0.00657684	16162.4
5.39	-0.0162879	0.521768	-0.052002	0.00734699	16176.5
5.4	-0.0110596	0.522827	-0.0519209	0.00810901	16186.3
5.41	-0.00582185	0.523779	-0.0518323	0.00886273	16201.3
5.42	-0.000575578	0.524627	-0.0517362	0.00960855	16214.1
5.43	0.00467813	0.525371	-0.0516328	0.0103464	16224.4
5.44	0.00993822	0.526009	-0.051522	0.0110763	16232.5
5.45	0.0152036	0.526542	-0.051404	0.0117982	16238.7
5.46	0.0204733	0.52697	-0.0512789	0.012512	16251.3
5.47	0.0257463	0.527294	-0.0511467	0.0132183	16260.7
5.48	0.0310214	0.527515	-0.0510076	0.0139169	16265.5
5.49	0.0362977	0.527631	-0.0508615	0.0146078	16280
5.5	0.0415742	0.527646	-0.0507086	0.0152917	16284.1
5.51	0.0468498	0.527557	-0.0505489	0.015968	16305.8
5.52	0.0521235	0.52737	-0.0503825	0.0166378	16312.9
5.53	0.0573943	0.527082	-0.0502095	0.0173005	16320.5
5.54	0.0626612	0.526694	-0.0500299	0.0179559	16334.8
5.55	0.0679233	0.526207	-0.0498439	0.0186048	16346
5.56	0.0731795	0.525622	-0.0496514	0.019247	16363.6
5.57	0.0784289	0.524942	-0.0494526	0.019883	16371.6
5.58	0.0836706	0.524165	-0.0492475	0.0205123	16393.1
5.59	0.0889035	0.523294	-0.0490361	0.0211359	16400.9
5.6	0.0941268	0.522329	-0.0488186	0.021753	16413.9
5.61	0.0993395	0.521271	-0.0485949	0.0223641	16426.2
5.62	0.104541	0.52012	-0.0483652	0.0229693	16445.9
5.63	0.10973	0.51888	-0.0481295	0.0235692	16456.8
5.64	0.114905	0.51755	-0.0478879	0.0241633	16473.6
5.65	0.120066	0.516132	-0.0476404	0.0247521	16484.4
5.66	0.125213	0.514626	-0.047387	0.0253355	16503.1
5.67	0.130343	0.513035	-0.0471279	0.025914	16508.5
5.68	0.135457	0.511356	-0.046863	0.0264869	16528.9
5.69	0.140552	0.509596	-0.0465925	0.0270555	16535.5
5.7	0.14563	0.50775	-0.0463163	0.0276188	16553.3
5.71	0.150688	0.505825	-0.0460345	0.0281779	16576.9
5.72	0.155726	0.503822	-0.0457472	0.0287331	16577.3
5.73	0.160744	0.501737	-0.0454543	0.0292833	16583.8
5.74	0.16574	0.499573	-0.0451561	0.0298289	16596.7
5.75	0.170713	0.497332	-0.0448524	0.0303705	16618.9
5.76	0.175663	0.495019	-0.0445433	0.0309088	16646.6
5.77	0.180589	0.492637	-0.0442288	0.0314444	16655.3
5.78	0.185491	0.490181	-0.0439091	0.0319762	16670.8
5.79	0.190368	0.487656	-0.043584	0.0325048	16698.6
5.8	0.195218	0.485065	-0.0432537	0.0330312	16699.5
5.81	0.200042	0.482403	-0.0429182	0.0335537	16710.1
5.82	0.204839	0.479674	-0.0425774	0.0340732	16717.3
5.83	0.209608	0.476879	-0.0422315	0.0345895	16734.5
5.84	0.214348	0.474021	-0.0418805	0.0351036	16748.8
5.85	0.219059	0.471102	-0.0415243	0.0356153	16770.3
5.86	0.22374	0.468125	-0.0411631	0.0361253	16781.1
5.87	0.228391	0.465089	-0.0407968	0.036633	16785.3
5.88	0.233011	0.461992	-0.0404254	0.0371382	16813.1
5.89	0.2376	0.458844	-0.040049	0.0376425	16817
5.9	0.242156	0.455639	-0.0396675	0.0381445	16829.3
5.91	0.24668	0.452381	-0.0392811	0.038645	16838.4
5.92	0.251171	0.44907	-0.0388896	0.0391437	16849.9
5.93	0.255628	0.445708	-0.0384932	0.0396411	16855.7
5.94	0.260051	0.442297	-0.0380918	0.0401369	16875.6
5.95	0.264439	0.43884	-0.0376855	0.040632	16880.7
5.96	0.268792	0.435335	-0.0372743	0.0411258	16884.9
5.97	0.27311	0.431784	-0.0368581	0.0416182	16890
5.98	0.277392	0.428188	-0.036437	0.0421095	16890.4
5.99	0.281638	0.424548	-0.036011	0.0425994	16908.6
6	0.285846	0.420869	-0.0355801	0.0430891	16909.4
6.01	0.290018	0.417148	-0.0351443	0.0435778	16915.2
6.02	0.294152	0.413389	-0.0347037	0.0440657	16917.2
6.03	0.298248	0.409591	-0.0342581	0.0445528	16923.3
6.04	0.302305	0.405756	-0.0338077	0.0450394	16924.8
6.05	0.306324	0.401886	-0.0333525	0.0455253	16930.7
6.06	0.310304	0.397982	-0.0328924	0.0460108	16932.6
6.07	0.314244	0.394045	-0.0324274	0.0464958	16938.5
6.08	0.318145	0.390077	-0.0319576	0.0469805	16939.5
6.09	0.322006	0.386079	-0.031483	0.0474648	16933
6.1	0.325826	0.382048	-0.0310035	0.0479483	16935.3
6.11	0.329606	0.37799	-0.0305192	0.0484314	16943.2
6.12	0.333345	0.373906	-0.03003	0.0489148	16942.8
6.13	0.337043	0.369796	-0.029536	0.0493977	16940
6.14	0.3407	0.36566	-0.0290372	0.0498802	16933.6
6.15	0.344315	0.361498	-0.0285336	0.0503621	16937.1
6.16	0.347888	0.357315	-0.0280252	0.050844	16934.3
6.17	0.351419	0.353109	-0.0275119	0.0513255	16933
6.18	0.354908	0.348883	-0.0269939	0.0518067	16920
6.19	0.358354	0.344633	-0.026471	0.0522869	16918.7
6.2	0.361758	0.340365	-0.0259433	0.0527669	16912.4
6.21	0.365119	0.336078	-0.0254109	0.0532463	16913.9
6.22	0.368436	0.331775	-0.0248736	0.0537256	16905.2
6.23	0.371711	0.327453	-0.0243316	0.0542042	16892.1
6.24	0.374942	0.323114	-0.0237847	0.0546817	16883.5
6.25	0.37813	0.31876	-0.0232332	0.0551585	16881.1
6.26	0.381274	0.314391	-0.0226768	0.0556348	16870.7
6.27	0.384374	0.310008	-0.0221157	0.0561102	16860.2
6.28	0.38743	0.305612	-0.0215499	0.0565846	16848.5
6.29	0.390442	0.301202	-0.0209793	0.0570579	16837
6.3	0.39341	0.29678	-0.020404	0.05753	16826.6
6.31	0.396333	0.292346	-0.019824	0.058001	16814.6
6.32	0.399212	0.287901	-0.0192393	0.0584706	16800.2
6.33	0.402047	0.283446	-0.0186499	0.0589388	16785.7
6.34	0.404836	0.27898	-0.0180558	0.0594053	16769
6.35	0.407581	0.274504	-0.0174571	0.05987	16753.4
6.36	0.410282	0.270018	-0.0168538	0.0603329	16739.3
6.37	0.412937	0.265525	-0.0162459	0.0607939	16725.3
6.38	0.415547	0.261023	-0.0156333	0.061253	16704.3
6.39	0.418112	0.256513	-0.0150162	0.0617097	16685.2
6.4	0.420632	0.251995	-0.0143946	0.062164	16664.9
6.41	0.423107	0.247469	-0.0137684	0.0626156	16644.2
6.42	0.425536	0.242936	-0.0131378	0.0630645	16625.1
6.43	0.42792	0.238396	-0.0125027	0.0635106	16604.4
6.44	0.430259	0.23385	-0.0118631	0.0639538	16583.4
6.45	0.432552	0.229297	-0.0112192	0.0643939	16561.9
6.46	0.434799	0.224739	-0.0105709	0.0648306	16537.5
6.47	0.437001	0.220175	-0.00991827	0.0652638	16512.6
6.48	0.439157	0.215604	-0.00926133	0.0656933	16483
6.49	0.441267	0.211027	-0.00860015	0.0661185	16458.3
6.5	0.443332	0.206444	-0.00793475	0.0665397	16435.4
6.51	0.44535	0.201857	-0.00726518	0.0669569	16406.1
6.52	0.447323	0.197264	-0.00659149	0.0673695	16376
6.53	0.449249	0.192665	-0.00591371	0.0677773	16345.5
6.54	0.45113	0.18806	-0.00523191	0.0681801	16315.4
6.55	0.452964	0.183449	-0.00454613	0.0685779	16285.5
6.56	0.454753	0.178833	-0.00385643	0.0689704	16253.9
6.57	0.456495	0.174212	-0.00316286	0.0693573	16220.8
6.58	0.458191	0.169585	-0.00246547	0.0697385	16187.9
6.59	0.45984	0.164952	-0.00176433	0.0701138	16154.4
6.6	0.461443	0.160313	-0.0010595	0.070483	16117.4
6.61	0.463	0.155668	-0.000351048	0.0708456	16082.9
6.62	0.46451	0.151018	0.000360969	0.0712017	16047.7
6.63	0.465974	0.146361	0.00107648	0.0715511	16008.7
6.64	0.467391	0.141698	0.00179541	0.0718934	15970.1
6.65	0.468761	0.137029	0.0025177	0.0722283	15930.4
6.66	0.470085	0.132352	0.00324326	0.0725558	15889.8
6.67	0.471361	0.127669	0.00397201	0.0728754	15849.5
6.68	0.472591	0.122979	0.00470388	0.0731872	15810.9
6.69	0.473774	0.118282	0.00543879	0.073491	15768.7
6.7	0.47491	0.113578	0.00617665	0.0737863	15725.9
6.71	0.475998	0.108866	0.00691739	0.0740731	15681.3
6.72	0.47704	0.104146	0.0076609	0.074351	15635.2
6.73	0.478034	0.0994185	0.00840709	0.0746198	15590.7
6.74	0.478981	0.0946825	0.00915589	0.0748793	15544.4
6.75	0.47988	0.089938	0.00990718	0.0751294	15496.7
6.76	0.480732	0.0851847	0.0106609	0.0753697	15449.7
6.77	0.481536	0.0804227	0.0114169	0.0756	15402
6.78	0.482293	0.0756518	0.0121751	0.0758203	15350.4
6.79	0.483002	0.070871	0.0129354	0.0760301	15297.9
6.8	0.483662	0.06608	0.0136977	0.0762291	15243.7
6.81	0.484275	0.0612783	0.0144618	0.0764172	15192.3
6.82	0.48484	0.0564667	0.0152278	0.0765942	15138.8
6.83	0.485356	0.0516446	0.0159954	0.07676	15086.4
6.84	0.485824	0.0468122	0.0167645	0.0769144	15031.5
6.85	0.486244	0.0419689	0.0175351	0.0770572	14975.5
6.86	0.486615	0.0371145	0.018307	0.077188	14920.3
6.87	0.486938	0.0322491	0.0190801	0.0773069	14860.9
6.88	0.487211	0.0273715	0.0198542	0.0774134	14801.3
6.89	0.487436	0.022482	0.0206293	0.0775073	14741.9
6.9	0.487612	0.0175804	0.0214051	0.0775885	14681.4
6.91	0.487739	0.0126665	0.0221817	0.0776569	14621.7
6.92	0.487816	0.00774064	0.0229588	0.0777123	14559.8
6.93	0.487844	0.00280225	0.0237364	0.0777545	14497.5
6.94	0.487823	-0.00214873	0.0245142	0.0777833	14433.8
6.95	0.487752	-0.00711253	0.0252922	0.0777985	14368.7
6.96	0.487631	-0.0120894	0.0260702	0.0778	14305.3
6.97	0.48746	-0.0170789	0.0268481	0.0777877	14237.2
6.98	0.487239	-0.0220821	0.0276257	0.0777612	14172.9
6.99	0.486968	-0.0270977	0.0284029	0.0777207	14108.1
7	0.486647	-0.032126	0.0291796	0.077666	14040.4
7.01	0.486275	-0.0371673	0.0299555	0.0775969	13970
7.02	0.485853	-0.0422222	0.0307307	0.0775131	13901.6
7.03	0.48538	-0.0472901	0.0315048	0.0774147	13832.2
7.04	0.484856	-0.0523709	0.0322778	0.0773015	13760.7
7.05	0.484282	-0.0574649	0.0330496	0.0771733	13689.2
7.06	0.483656	-0.0625719	0.0338199	0.0770301	13613.5
7.07	0.482979	-0.0676928	0.0345886	0.0768715	13543.7
7.08	0.482251	-0.0728256	0.0353555	0.0766979	13469.5
7.09	0.481471	-0.0779713	0.0361206	0.0765089	13391.6
7.1	0.48064	-0.0831304	0.0368837	0.0763043	13318.1
7.11	0.479757	-0.0883015	0.0376445	0.0760843	13240.9
7.12	0.478822	-0.0934852	0.038403	0.0758486	13165
7.13	0.477835	-0.0986806	0.039159	0.0755974	13085.2
7.14	0.476796	-0.103888	0.0399123	0.0753303	13025.2
7.15	0.475705	-0.109103	0.0406628	0.0750486	12935.2
7.16	0.474562	-0.114332	0.0414103	0.0747504	12869.7
7.17	0.473366	-0.119567	0.0421546	0.0744372	12774.6
7.18	0.472118	-0.124818	0.0428957	0.0741072	12708.4
7.19	0.470817	-0.130075	0.0436333	0.0737623	12608.9
7.2	0.469464	-0.135346	0.0443673	0.0734003	12545.1
7.21	0.468058	-0.140622	0.0450976	0.0730236	12446.2
7.22	0.466598	-0.145911	0.0458239	0.07263	12363.1
7.23	0.465086	-0.151209	0.0465461	0.0722204	12280.2
7.24	0.463521	-0.156514	0.047264	0.071795	12195.8
7.25	0.461903	-0.161827	0.0479776	0.0713537	12112.4
7.26	0.460231	-0.167146	0.0486865	0.0708967	12025.6
7.27	0.458507	-0.172472	0.0493908	0.0704238	11937.7
7.28	0.456729	-0.177804	0.0500901	0.0699351	11860.5
7.29	0.454897	-0.183139	0.0507844	0.0694312	11752.1
7.3	0.453012	-0.188484	0.0514735	0.0689103	11674.2
7.31	0.451074	-0.193829	0.0521573	0.0683745	11586.9
7.32	0.449082	-0.199178	0.0528355	0.0678231	11496.9
7.33	0.447037	-0.204529	0.0535081	0.0672563	11408.3
7.34	0.444938	-0.209882	0.0541748	0.0666742	11317.7
7.35	0.442786	-0.215235	0.0548356	0.0660767	11230.2
7.36	0.44058	-0.220588	0.0554902	0.0654643	11139.5
7.37	0.438321	-0.22594	0.0561386	0.0648368	11045.8
7.38	0.436008	-0.231291	0.0567805	0.0641942	10952.4
7.39	0.433641	-0.23664	0.0574159	0.0635367	10853.9
7.4	0.431221	-0.241986	0.0580446	0.0628641	10766.6
7.41	0.428748	-0.247327	0.0586663	0.0621773	10674
7.42	0.426222	-0.252663	0.0592811	0.0614761	10563.8
7.43	0.423642	-0.257996	0.0598887	0.0607596	10488.4
7.44	0.421008	-0.263318	0.060489	0.0600301	10351.3
7.45	0.418322	-0.268642	0.0610818	0.0592839	10284
7.46	0.415583	-0.273949	0.0616671	0.0585257	10173.4
7.47	0.41279	-0.27925	0.0622446	0.057753	10080.3
7.48	0.409945	-0.284539	0.0628143	0.0569669	9981.55
7.49	0.407046	-0.289817	0.063376	0.0561674	9901.16
7.5	0.404096	-0.295076	0.0639295	0.0553559	9807.53
7.51	0.401093	-0.300319	0.0644748	0.0545317	9670.81
7.52	0.398037	-0.305557	0.0650118	0.0536923	9592.41
7.53	0.394929	-0.310773	0.0655402	0.0528417	9488.95
7.54	0.39177	-0.315971	0.06606	0.0519785	9375.46
7.55	0.388558	-0.321155	0.066571	0.0511023	9305.03
7.56	0.385295	-0.32631	0.0670731	0.0502161	9192.99
7.57	0.38198	-0.331447	0.0675663	0.0493175	9082.42
7.58	0.378615	-0.336563	0.0680504	0.0484069	9002.66
7.59	0.375198	-0.34165	0.0685252	0.0474864	8887.31
7.6	0.371731	-0.346715	0.0689908	0.0465541	8814.48
7.61	0.368214	-0.351746	0.0694469	0.0456129	8710.49
7.62	0.364646	-0.356749	0.0698935	0.0446612	8607.17
7.63	0.361029	-0.361724	0.0703305	0.0436992	8507.7
7.64	0.357362	-0.366667	0.0707578	0.0427274	8397.6
7.65	0.353646	-0.371581	0.0711753	0.0417455	8320.2
7.66	0.349882	-0.376455	0.0715828	0.0407559	8211.38
7.67	0.346069	-0.381295	0.0719804	0.0397567	8120.17
7.68	0.342208	-0.386097	0.0723679	0.0387495	8031.64
7.69	0.338299	-0.390858	0.0727452	0.0377347	7915.44
7.7	0.334344	-0.395584	0.0731123	0.0367108	7815.07
7.71	0.330341	-0.400269	0.0734691	0.0356792	7723.72
7.72	0.326292	-0.40491	0.0738155	0.0346406	7624.52
7.73	0.322197	-0.409507	0.0741515	0.033595	7525.94
7.74	0.318056	-0.414058	0.0744769	0.0325426	7427.18
7.75	0.31387	-0.418564	0.0747917	0.0314837	7319.04
7.76	0.30964	-0.423023	0.0750959	0.0304181	7226.42
7.77	0.305366	-0.427432	0.0753894	0.029347	7129.95
7.78	0.301048	-0.431789	0.0756721	0.0282705	7037.19
7.79	0.296687	-0.436093	0.075944	0.0271891	6932.86
7.8	0.292284	-0.440345	0.076205	0.0261024	6837.33
7.81	0.287838	-0.444541	0.0764551	0.0250113	6753.34
7.82	0.283351	-0.448678	0.0766943	0.0239169	6637.08
7.83	0.278824	-0.452762	0.0769225	0.0228173	6553.42
7.84	0.274256	-0.456783	0.0771396	0.021715	6446.26
7.85	0.269649	-0.460747	0.0773457	0.0206087	6364.02
7.86	0.265002	-0.464645	0.0775407	0.0195004	6250.18
7.87	0.260317	-0.468485	0.0777246	0.0183884	6163.11
7.88	0.255595	-0.472258	0.0778973	0.0172747	6076.29
7.89	0.250835	-0.475964	0.0780589	0.0161595	5988.73
7.9	0.246039	-0.4796	0.0782094	0.0150431	5882.49
7.91	0.241207	-0.483171	0.0783486	0.0139248	5790.11
7.92	0.236341	-0.486673	0.0784767	0.0128055	5695.22
7.93	0.23144	-0.490103	0.0785935	0.0116855	5604.67
7.94	0.226505	-0.493462	0.0786992	0.0105654	5498.5
7.95	0.221537	-0.49675	0.0787936	0.00944442	5410.46
7.96	0.216538	-0.499963	0.0788769	0.00832402	5314.8
7.97	0.211507	-0.503101	0.0789489	0.00720402	5227.07
7.98	0.206445	-0.506162	0.0790098	0.0060852	5134.33
7.99	0.201354	-0.509145	0.0790594	0.00496752	5033.94
8	0.196233	-0.512053	0.0790979	0.00385078	4943.15
8.01	0.191084	-0.51488	0.0791253	0.00273588	4849.87
8.02	0.185908	-0.517627	0.0791415	0.00162291	4762.77
8.03	0.180705	-0.520292	0.0791466	0.000512553	4671.93
8.04	0.175476	-0.522875	0.0791407	-0.000595173	4585.59
8.05	0.170223	-0.525373	0.0791237	-0.00169972	4505.19
8.06	0.164945	-0.527784	0.0790957	-0.00280046	4408.09
8.07	0.159644	-0.530113	0.0790567	-0.00389818	4318.77
8.08	0.15432	-0.532355	0.0790068	-0.00499215	4222.13
8.09	0.148975	-0.534513	0.078946	-0.00608257	4144.58
8.1	0.143609	-0.53658	0.0788743	-0.00716802	4061.18
8.11	0.138224	-0.538558	0.0787918	-0.00824861	3977.25
8.12	0.132819	-0.540446	0.0786986	-0.00932415	3890.8
8.13	0.127397	-0.542244	0.0785946	-0.0103946	3799.41
8.14	0.121957	-0.543953	0.07848	-0.01146	3714.43
8.15	0.116502	-0.545571	0.0783548	-0.0125197	3637.85
8.16	0.111031	-0.547095	0.0782191	-0.0135731	3555.29
8.17	0.105545	-0.548526	0.0780729	-0.0146202	3479.03
8.18	0.100047	-0.549862	0.0779163	-0.0156605	3418.9
8.19	0.0945357	-0.551099	0.0777493	-0.0166928	3348.05
8.2	0.0890133	-0.552239	0.0775722	-0.0177175	3269.57
8.21	0.0834805	-0.553284	0.0773848	-0.018735	3195.59
8.22	0.0779382	-0.554233	0.0771874	-0.0197448	3118.99
8.23	0.0723873	-0.555085	0.0769799	-0.0207469	3049.02
8.24	0.0668289	-0.555839	0.0767625	-0.0217407	2968.37
8.25	0.0612639	-0.556498	0.0765352	-0.0227267	2888.78
8.26	0.0556933	-0.557061	0.0762982	-0.0237048	2822.78
8.27	0.0501181	-0.557525	0.0760514	-0.0246738	2746.16
8.28	0.0445391	-0.557893	0.0757951	-0.0256344	2667.33
8.29	0.0389575	-0.558165	0.0755292	-0.0265866	2598.67
8.3	0.0333741	-0.558338	0.0752539	-0.0275295	2524.43
8.31	0.02779	-0.558414	0.0749693	-0.0284634	2454.33
8.32	0.0222061	-0.558393	0.0746754	-0.029388	2383.17
8.33	0.0166233	-0.558274	0.0743724	-0.0303031	2315.84
8.34	0.0110428	-0.558057	0.0740603	-0.0312086	2252.4
8.35	0.00546534	-0.557741	0.0737393	-0.0321039	2189.55
8.36	-0.000107922	-0.557326	0.0734094	-0.032989	2117.79
8.37	-0.00567608	-0.556816	0.0730707	-0.0338645	2060.71
8.38	-0.0112381	-0.556205	0.0727234	-0.0347292	1996.81
8.39	-0.0167931	-0.555498	0.0723676	-0.0355835	1942.68
8.4	-0.02234	-0.554691	0.0720033	-0.0364268	1873.44
8.41	-0.0278779	-0.553789	0.0716307	-0.03726	1812.73
8.42	-0.0334058	-0.55279	0.0712499	-0.0380825	1758.39
8.43	-0.0389227	-0.551694	0.070861	-0.0388938	1699.55
8.44	-0.0444278	-0.550501	0.070464	-0.0396942	1650.23
8.45	-0.0499199	-0.549211	0.0700592	-0.040483	1598.85
8.46	-0.0553981	-0.547824	0.0696466	-0.0412605	1545.76
8.47	-0.0608615	-0.546341	0.0692263	-0.0420266	1507.08
8.48	-0.0663091	-0.54476	0.0687985	-0.0427805	1470.31
8.49	-0.0717399	-0.543081	0.0683633	-0.043522	1439.38
8.5	-0.077153	-0.541303	0.0679208	-0.0442508	1412.85
8.51	-0.0825472	-0.539425	0.0674711	-0.0449667	1399.88
8.52	-0.0879217	-0.537446	0.0670145	-0.0456687	1400.41
8.53	-0.0932753	-0.535362	0.0665509	-0.0463561	1425.71
8.54	-0.098607	-0.533168	0.0660806	-0.0470274	1459.57
8.55	-0.103916	-0.530862	0.0656038	-0.047682	1532.05
8.56	-0.1092	-0.528437	0.0651206	-0.0483176	1629.5
8.57	-0.114459	-0.525885	0.0646313	-0.0489327	1769.6
8.58	-0.119691	-0.523197	0.064136	-0.0495247	1954.71
8.59	-0.124894	-0.520362	0.0636351	-0.0500909	2175.73
8.6	-0.130068	-0.517373	0.0631288	-0.050629	2424.94
8.61	-0.13521	-0.514223	0.0626175	-0.0511375	2747.29
8.62	-0.140319	-0.510895	0.0621014	-0.0516119	3122.3
8.63	-0.145393	-0.507376	0.0615809	-0.052049	3488.97
8.64	-0.15043	-0.503669	0.0610564	-0.0524496	3836.39
8.65	-0.155428	-0.499783	0.0605282	-0.0528152	4162.51
8.66	-0.160385	-0.495725	0.0599967	-0.0531474	4480.43
8.67	-0.1653	-0.491499	0.0594623	-0.0534469	4789.68
8.68	-0.170171	-0.487109	0.0589251	-0.0537145	5093.49
8.69	-0.174997	-0.482559	0.0583856	-0.0539511	5392.12
8.7	-0.179775	-0.477853	0.057844	-0.0541571	5711.5
8.71	-0.184505	-0.472988	0.0573007	-0.0543317	6057.91
8.72	-0.189185	-0.467959	0.056756	-0.0544735	6396.32
8.73	-0.193812	-0.462771	0.0562102	-0.0545834	6707.03
8.74	-0.198387	-0.457434	0.0556635	-0.0546636	7007.41
8.75	-0.202906	-0.451953	0.0551164	-0.0547152	7293.42
8.76	-0.207369	-0.446335	0.054569	-0.0547394	7554.83
8.77	-0.211775	-0.44059	0.0540216	-0.0547384	7773.65
8.78	-0.216123	-0.434731	0.0534744	-0.0547153	7960.93
8.79	-0.22041	-0.42877	0.0529277	-0.0546725	8142.38
8.8	-0.224637	-0.422712	0.0523816	-0.0546109	8315
8.81	-0.228803	-0.416562	0.0518363	-0.0545317	8481.85
8.82	-0.232906	-0.410324	0.0512919	-0.0544355	8638.3
8.83	-0.236946	-0.404004	0.0507487	-0.0543237	8792.23
8.84	-0.240922	-0.397607	0.0502067	-0.0541969	8928.04
8.85	-0.244834	-0.391139	0.0496662	-0.0540567	9055.3
8.86	-0.24868	-0.384608	0.0491271	-0.0539043	9166.88
8.87	-0.25246	-0.378019	0.0485897	-0.0537411	9259.34
8.88	-0.256174	-0.371381	0.048054	-0.053569	9355.25
8.89	-0.259821	-0.364697	0.0475201	-0.0533881	9455.96
8.9	-0.263401	-0.357968	0.0469881	-0.0531988	9289.5
8.91	-0.266913	-0.351268	0.046458	-0.0530185	9753.48
8.92	-0.270358	-0.344433	0.0459299	-0.0528079	9752.35
8.93	-0.273733	-0.33759	0.0454039	-0.0525968	9773.6
8.94	-0.277041	-0.330736	0.0448801	-0.0523844	9809.02
8.95	-0.28028	-0.323871	0.0443584	-0.0521704	9844.66
8.96	-0.28345	-0.316996	0.0438388	-0.0519552	9881.76
8.97	-0.286551	-0.310115	0.0433214	-0.0517393	9915.63
8.98	-0.289583	-0.303232	0.0428062	-0.0515234	9946.53
8.99	-0.292546	-0.296351	0.0422931	-0.0513082	9970.68
9	-0.295441	-0.289476	0.0417822	-0.0510946	9997.49
9.01	-0.298267	-0.282609	0.0412733	-0.050883	10022.4
9.02	-0.301025	-0.275754	0.0407666	-0.0506739	10044.2
9.03	-0.303714	-0.268914	0.0402619	-0.050468	10060.1
9.04	-0.306335	-0.262094	0.0397592	-0.0502662	10078.5
9.05	-0.308888	-0.255295	0.0392586	-0.0500687	10087.4
9.06	-0.311373	-0.248523	0.0387598	-0.0498767	10096.1
9.07	-0.313791	-0.241781	0.0382629	-0.0496905	10102.6
9.08	-0.316142	-0.235071	0.0377678	-0.0495108	10108.8
9.09	-0.318426	-0.228397	0.0372744	-0.049338	10120.4
9.1	-0.320643	-0.221758	0.0367827	-0.049172	10127.8
9.11	-0.322795	-0.215159	0.0362925	-0.0490137	10133.9
9.12	-0.324881	-0.208602	0.0358039	-0.0488634	10140
9.13	-0.326902	-0.202089	0.0353167	-0.0487216	10143.2
9.14	-0.328858	-0.195623	0.0348308	-0.0485887	10145.2
9.15	-0.33075	-0.189207	0.0343462	-0.0484652	10143.7
9.16	-0.332578	-0.182844	0.0338626	-0.0483516	10146.2
9.17	-0.334344	-0.176534	0.0333802	-0.048248	10145.7
9.18	-0.336047	-0.170279	0.0328986	-0.0481549	10148
9.19	-0.337687	-0.164082	0.0324179	-0.0480724	10147.2
9.2	-0.339267	-0.157944	0.0319379	-0.0480009	10144.6
9.21	-0.340786	-0.151868	0.0314585	-0.0479409	10140.7
9.22	-0.342244	-0.145855	0.0309795	-0.0478926	10136.8
9.23	-0.343643	-0.139908	0.030501	-0.0478564	10132.5
9.24	-0.344983	-0.134026	0.0300227	-0.0478323	10125.6
9.25	-0.346266	-0.128213	0.0295444	-0.0478208	10116.4
9.26	-0.34749	-0.12247	0.0290662	-0.0478221	10108.4
9.27	-0.348658	-0.116799	0.0285879	-0.0478365	10095.2
9.28	-0.34977	-0.1112	0.0281092	-0.0478643	10079.3
9.29	-0.350827	-0.105677	0.0276302	-0.0479059	10068.7
9.3	-0.351829	-0.100228	0.0271505	-0.047961	10049.2
9.31	-0.352778	-0.0948573	0.0266702	-0.0480302	10032.4
9.32	-0.353674	-0.089564	0.0261891	-0.0481136	10012
9.33	-0.354517	-0.0843499	0.025707	-0.0482113	9987.35
9.34	-0.355309	-0.0792168	0.0252238	-0.0483237	9958.97
9.35	-0.356051	-0.074166	0.0247393	-0.048451	9933.81
9.36	-0.356743	-0.0691972	0.0242533	-0.0485931	9899.87
9.37	-0.357386	-0.0643127	0.0237658	-0.0487505	9873.14
9.38	-0.357981	-0.059511	0.0232766	-0.0489226	9840.85
9.39	-0.358529	-0.0547936	0.0227855	-0.0491099	9806.13
9.4	-0.359031	-0.0501611	0.0222924	-0.0493123	9769.05
9.41	-0.359487	-0.0456141	0.0217971	-0.04953	9724.35
9.42	-0.359898	-0.0411545	0.0212994	-0.0497633	9677.91
9.43	-0.360266	-0.0367824	0.0207993	-0.0500122	9634.47
9.44	-0.360591	-0.0324967	0.0202965	-0.0502764	9586.4
9.45	-0.360874	-0.0282982	0.019791	-0.050556	9532.9
9.46	-0.361116	-0.0241879	0.0192825	-0.0508512	9484.73
9.47	-0.361318	-0.0201638	0.0187709	-0.0511614	9428.74
9.48	-0.36148	-0.0162271	0.018256	-0.051487	9374.33
9.49	-0.361604	-0.0123768	0.0177377	-0.0518275	9320.68
9.5	-0.36169	-0.00861182	0.0172159	-0.0521828	9261.68
9.51	-0.361739	-0.00493262	0.0166904	-0.0525528	9206.05
9.52	-0.361752	-0.00133731	0.016161	-0.0529371	9137.43
9.53	-0.361731	0.00217171	0.0156276	-0.0533361	9067.46
9.54	-0.361675	0.00559532	0.0150901	-0.0537497	8994.62
9.55	-0.361585	0.00893397	0.0145484	-0.0541777	8920.81
9.56	-0.361464	0.0121887	0.0140022	-0.0546199	8846.74
9.57	-0.36131	0.0153609	0.0134514	-0.0550757	8777.43
9.58	-0.361125	0.0184533	0.012896	-0.0555446	8701.84
9.59	-0.360911	0.0214659	0.0123357	-0.0560265	8629.37
9.6	-0.360667	0.0244009	0.0117705	-0.0565208	8554.76
9.61	-0.360394	0.0272597	0.0112002	-0.0570273	8476.9
9.62	-0.360094	0.030043	0.0106248	-0.0575455	8395.63
9.63	-0.359766	0.032752	0.010044	-0.0580754	8311.82
9.64	-0.359412	0.0353878	0.00945784	-0.0586165	8230.29
9.65	-0.359033	0.037953	0.00886615	-0.0591682	8150.06
9.66	-0.358628	0.0404501	0.00826886	-0.0597298	8066.5
9.67	-0.358199	0.0428803	0.00766584	-0.0603011	7983.41
9.68	-0.357747	0.0452459	0.00705703	-0.0608815	7896.35
9.69	-0.357272	0.0475482	0.00644232	-0.0614707	7807.25
9.7	-0.356774	0.0497888	0.00582164	-0.0620681	7725.08
9.71	-0.356254	0.051972	0.00519491	-0.0626728	7645.48
9.72	-0.355713	0.0541009	0.00456207	-0.0632839	7560.67
9.73	-0.355151	0.0561766	0.00392306	-0.0639013	7478.18
9.74	-0.354569	0.0582021	0.00327782	-0.064524	7395.36
9.75	-0.353967	0.06018	0.00262631	-0.0651516	7310.32
9.76	-0.353346	0.0621123	0.00196847	-0.0657834	7224.58
9.77	-0.352706	0.0640012	0.00130428	-0.0664188	7132.2
9.78	-0.352048	0.0658478	0.000633707	-0.0670577	7046.65
9.79	-0.351371	0.0676566	-4.32808e-05	-0.0676988	6956.25
9.8	-0.350677	0.0694289	-0.000726699	-0.0683418	6864.3
9.81	-0.349965	0.0711671	-0.00141656	-0.0689861	6780.11
9.82	-0.349236	0.0728759	-0.00211286	-0.0696305	6697.13
9.83	-0.348491	0.0745584	-0.00281561	-0.0702742	6613.36
9.84	-0.347729	0.0762171	-0.00352477	-0.0709166	6529.54
9.85	-0.34695	0.0778549	-0.00424034	-0.0715569	6447.17
9.86	-0.346155	0.0794748	-0.00496228	-0.0721943	6365.89
9.87	-0.345345	0.0810799	-0.00569056	-0.072828	6284.11
9.88	-0.344518	0.0826729	-0.00642514	-0.0734574	6200.36
9.89	-0.343675	0.0842559	-0.00716596	-0.0740818	6115.02
9.9	-0.342817	0.0858312	-0.00791296	-0.0747006	6029.78
9.91	-0.341943	0.0874017	-0.00866609	-0.0753131	5943.24
9.92	-0.341053	0.0889697	-0.00942528	-0.0759186	5857.42
9.93	-0.340148	0.090538	-0.0101904	-0.0765163	5780.11
9.94	-0.339227	0.0921117	-0.0109615	-0.077105	5703.23
9.95	-0.33829	0.0936934	-0.0117383	-0.0776839	5624.47
9.96	-0.337337	0.0952853	-0.0125209	-0.0782524	5549.13
9.97	-0.336368	0.0968908	-0.013309	-0.0788096	5475.2
9.98	-0.335383	0.0985128	-0.0141025	-0.0793547	5403.66
9.99	-0.334381	0.100155	-0.0149014	-0.0798869	5330.99
10	-0.333363	0.101818	-0.0157054	-0.0804054	5256.28
10.01	-0.332328	0.103505	-0.0165145	-0.0809098	5179.26
10.02	-0.331276	0.105218	-0.0173285	-0.0813994	5101.91
10.03	-0.330206	0.106958	-0.0181472	-0.0818737	5025.36
10.04	-0.329119	0.108729	-0.0189706	-0.0823319	4948.52
10.05	-0.328014	0.110532	-0.0197983	-0.0827734	4876.44
10.06	-0.32689	0.11237	-0.0206303	-0.0831972	4802.26
10.07	-0.325748	0.114246	-0.0214663	-0.0836028	4733
10.08	-0.324586	0.116162	-0.0223062	-0.0839893	4663.06
10.09	-0.323405	0.11812	-0.0231498	-0.084356	4592.99
10.1	-0.322204	0.120123	-0.0239968	-0.0847025	4524.94
10.11	-0.320982	0.122172	-0.0248471	-0.0850278	4457.01
10.12	-0.319739	0.124269	-0.0257004	-0.0853316	4391.06
10.13	-0.318475	0.126417	-0.0265565	-0.085613	4325.45
10.14	-0.317189	0.128617	-0.0274152	-0.0858715	4258.49
10.15	-0.31588	0.13087	-0.0282763	-0.0861066	4191.68
10.16	-0.314548	0.133178	-0.0291395	-0.0863178	4124.8
10.17	-0.313193	0.135542	-0.0300045	-0.0865047	4061.1
10.18	-0.311813	0.137965	-0.0308712	-0.0866664	3998.84
10.19	-0.310409	0.140447	-0.0317392	-0.0868024	3933.98
10.2	-0.308979	0.14299	-0.0326083	-0.0869124	3874.9
10.21	-0.307523	0.145595	-0.0334783	-0.0869957	3817.27
10.22	-0.30604	0.148264	-0.0343488	-0.0870516	3755.31
10.23	-0.30453	0.150997	-0.0352196	-0.0870801	3696.86
10.24	-0.302992	0.153796	-0.0360904	-0.0870805	3636.1
10.25	-0.301426	0.15666	-0.0369609	-0.0870526	3580.97
10.26	-0.29983	0.159591	-0.0378309	-0.0869957	3518.91
10.27	-0.298204	0.162589	-0.0387	-0.08691	3459.68
10.28	-0.296547	0.165654	-0.0395679	-0.0867948	3400.68
10.29	-0.29486	0.168787	-0.0404344	-0.0866499	3342.21
10.3	-0.29314	0.171987	-0.0412992	-0.086475	3285.4
10.31	-0.291387	0.175257	-0.0421619	-0.0862697	3227.86
10.32	-0.289601	0.178594	-0.0430222	-0.0860338	3171.24
10.33	-0.287781	0.182	-0.0438799	-0.0857671	3114.59
10.34	-0.285926	0.185474	-0.0447346	-0.0854694	3059.17
10.35	-0.284036	0.189016	-0.045586	-0.0851404	3004.58
10.36	-0.28211	0.192626	-0.0464338	-0.0847799	2951.58
10.37	-0.280147	0.196305	-0.0472777	-0.0843877	2897.9
10.38	-0.278146	0.20005	-0.0481173	-0.0839638	2844.55
10.39	-0.276108	0.203863	-0.0489524	-0.0835079	2791.79
10.4	-0.27403	0.207741	-0.0497826	-0.0830201	2739.31
10.41	-0.271914	0.211684	-0.0506076	-0.0825002	2688.94
10.42	-0.269757	0.215692	-0.0514271	-0.0819481	2638.93
10.43	-0.267559	0.219764	-0.0522407	-0.0813638	2587.9
10.44	-0.26532	0.223899	-0.0530482	-0.0807474	2536.2
10.45	-0.263039	0.228094	-0.0538492	-0.080099	2487.69
10.46	-0.260716	0.23235	-0.0546434	-0.0794184	2439.32
10.47	-0.258349	0.236665	-0.0554304	-0.0787058	2392.17
10.48	-0.255939	0.241038	-0.05621	-0.0779611	2343.59
10.49	-0.253484	0.245467	-0.0569819	-0.0771846	2297.48
10.5	-0.250984	0.24995	-0.0577456	-0.0763763	2251.08
10.51	-0.24844	0.254487	-0.058501	-0.0755364	2205.57
10.52	-0.245849	0.259075	-0.0592476	-0.0746651	2161.68
10.53	-0.243212	0.263713	-0.0599853	-0.0737624	2119.72
10.54	-0.240528	0.268399	-0.0607136	-0.0728285	2077.43
10.55	-0.237796	0.273131	-0.0614322	-0.0718637	2030.9
10.56	-0.235017	0.277906	-0.0621409	-0.0708686	1991.47
10.57	-0.23219	0.282723	-0.0628393	-0.069843	1948.44
10.58	-0.229314	0.28758	-0.0635272	-0.0687874	1907.75
10.59	-0.22639	0.292474	-0.0642042	-0.0677021	1865.33
10.6	-0.223416	0.297402	-0.0648701	-0.0665877	1824.31
10.61	-0.220392	0.302362	-0.0655245	-0.0654443	1783.85
10.62	-0.217318	0.307352	-0.0661672	-0.0642723	1744.29
10.63	-0.214195	0.31237	-0.066798	-0.0630722	1704.4
10.64	-0.211021	0.317412	-0.0674164	-0.0618444	1666.02
10.65	-0.207796	0.322475	-0.0680223	-0.0605893	1627.5
10.66	-0.20452	0.327558	-0.0686154	-0.0593074	1585.79
10.67	-0.201194	0.332657	-0.0691954	-0.0579994	1546.75
10.68	-0.197816	0.337768	-0.069762	-0.0566657	1506.95
10.69	-0.194387	0.34289	-0.0703151	-0.0553069	1474.23
10.7	-0.190907	0.34802	-0.0708543	-0.053923	1435.37
10.71	-0.187375	0.353154	-0.0713795	-0.0525152	1398.54
10.72	-0.183792	0.358289	-0.0718903	-0.0510837	1364.72
10.73	-0.180158	0.363423	-0.0723866	-0.0496291	1327.02
10.74	-0.176473	0.368552	-0.0728681	-0.0481523	1289.11
10.75	-0.172736	0.373673	-0.0733347	-0.0466538	1252.95
10.76	-0.168948	0.378782	-0.073786	-0.0451343	1217.56
10.77	-0.165109	0.383876	-0.074222	-0.0435943	1182.5
10.78	-0.16122	0.388953	-0.0746423	-0.0420346	1146.19
10.79	-0.15728	0.394008	-0.0750469	-0.0404559	1110.15
10.8	-0.153289	0.399038	-0.0754354	-0.038859	1078
10.81	-0.149249	0.404041	-0.0758079	-0.0372442	1041.87
10.82	-0.145159	0.409013	-0.076164	-0.0356126	1007.1
10.83	-0.141019	0.41395	-0.0765037	-0.0339649	972.113
10.84	-0.136831	0.418849	-0.0768267	-0.0323018	935.439
10.85	-0.132594	0.423706	-0.0771329	-0.0306242	899.139
10.86	-0.128309	0.428517	-0.0774223	-0.0289328	866.328
10.87	-0.123976	0.433281	-0.0776945	-0.0272283	833.767
10.88	-0.119596	0.437994	-0.0779496	-0.0255114	799.029
10.89	-0.115169	0.442651	-0.0781875	-0.023783	764.044
10.9	-0.110697	0.44725	-0.0784079	-0.022044	727.259
10.91	-0.106179	0.451787	-0.0786109	-0.0202953	691.24
10.92	-0.101616	0.456258	-0.0787963	-0.0185377	658.174
10.93	-0.0970098	0.46066	-0.078964	-0.0167718	622.362
10.94	-0.0923599	0.464991	-0.079114	-0.0149987	587.763
10.95	-0.0876675	0.469246	-0.0792461	-0.013219	549.296
10.96	-0.0829332	0.473422	-0.0793605	-0.0114339	513.351
10.97	-0.0781581	0.477516	-0.0794569	-0.00964406	482.99
10.98	-0.0733428	0.481527	-0.0795354	-0.00784996	447.037
10.99	-0.0684883	0.485449	-0.079596	-0.00605281	413.161
11	-0.0635955	0.48928	-0.0796385	-0.00425333	373.453
11.01	-0.0586654	0.493016	-0.079663	-0.00245272	336.454
11.02	-0.0536988	0.496654	-0.0796695	-0.000651659	302.585
11.03	-0.0486969	0.500192	-0.079658	0.00114919	268.7
11.04	-0.0436606	0.503628	-0.0796285	0.00294901	236.25
11.05	-0.0385911	0.506958	-0.0795811	0.00474702	201.994
11.06	-0.0334893	0.510179	-0.0795157	0.00654229	167.178
11.07	-0.0283564	0.51329	-0.0794323	0.00833393	130.431
11.08	-0.0231935	0.516285	-0.0793311	0.010121	96.4279
11.09	-0.0180019	0.519165	-0.0792121	0.0119028	63.1609
11.1	-0.0127826	0.521925	-0.0790753	0.0136787	25.6667
11.11	-0.00753698	0.524563	-0.0789208	0.0154474	-6.69887
11.12	-0.00226621	0.527077	-0.0787487	0.0172086	-42.5004
11.13	0.00302845	0.529465	-0.0785591	0.0189612	-79.5136
11.14	0.00834568	0.531724	-0.0783521	0.0207043	-115.932
11.15	0.0136842	0.533851	-0.0781277	0.0224372	-147.813
11.16	0.0190427	0.535846	-0.0778861	0.0241594	-182.815
11.17	0.0244197	0.537706	-0.0776274	0.0258699	-217.609
11.18	0.029814	0.53943	-0.0773517	0.027568	-254.369
11.19	0.0352242	0.541013	-0.0770592	0.0292528	-288.255
11.2	0.0406487	0.542457	-0.07675	0.0309237	-322.519
11.21	0.0460863	0.543759	-0.0764242	0.0325801	-356.539
11.22	0.0515355	0.544917	-0.076082	0.0342211	-394.573
11.23	0.0569948	0.545928	-0.0757235	0.0358459	-426.133
11.24	0.0624627	0.546794	-0.075349	0.0374541	-460.145
11.25	0.0679378	0.547513	-0.0749585	0.039045	-497.129
11.26	0.0734186	0.548081	-0.0745523	0.0406176	-530.429
11.27	0.0789036	0.548499	-0.0741306	0.0421716	-564.501
11.28	0.0843913	0.548767	-0.0736935	0.0437062	-599.394
11.29	0.0898801	0.548881	-0.0732413	0.0452208	-634.177
11.3	0.0953685	0.548843	-0.0727742	0.0467148	-670.752
11.31	0.100855	0.54865	-0.0722923	0.0481875	-698.375
11.32	0.106338	0.548305	-0.0717959	0.0496389	-729.818
11.33	0.111816	0.547805	-0.0712852	0.0510681	-765.945
11.34	0.117288	0.54715	-0.0707605	0.0524744	-800.731
11.35	0.122751	0.546338	-0.0702219	0.0538573	-835.457
11.36	0.128205	0.54537	-0.0696698	0.0552162	-868.14
11.37	0.133647	0.544247	-0.0691043	0.0565509	-896.775
11.38	0.139077	0.542969	-0.0685256	0.0578611	-928.607
11.39	0.144492	0.541535	-0.0679342	0.0591461	-962.409
11.4	0.149892	0.539945	-0.0673301	0.0604054	-996.242
11.41	0.155274	0.5382	-0.0667137	0.0616386	-1032.29
11.42	0.160637	0.536298	-0.0660853	0.0628451	-1062.04
11.43	0.165979	0.534243	-0.065445	0.064025	-1092.9
11.44	0.171299	0.532034	-0.0647933	0.0651777	-1118.44
11.45	0.176596	0.529673	-0.0641302	0.0663034	-1154.39
11.46	0.181868	0.527159	-0.0634562	0.0674009	-1183.77
11.47	0.187113	0.524494	-0.0627715	0.0684705	-1209
11.48	0.192329	0.52168	-0.0620764	0.0695122	-1238.26
11.49	0.197517	0.518716	-0.0613711	0.0705252	-1273.97
11.5	0.202673	0.515603	-0.0606561	0.0715092	-1297.24
11.51	0.207796	0.512344	-0.0599314	0.0724645	-1326.33
11.52	0.212886	0.50894	-0.0591975	0.0733906	-1356.8
11.53	0.217939	0.505392	-0.0584546	0.0742873	-1383.93
11.54	0.222956	0.501701	-0.0577031	0.0751546	-1408.62
11.55	0.227935	0.49787	-0.0569432	0.0759925	-1435.94
11.56	0.232874	0.4939	-0.0561752	0.0768006	-1459.34
11.57	0.237772	0.489794	-0.0553994	0.0775793	-1484.73
11.58	0.242628	0.485553	-0.0546161	0.0783281	-1508.88
11.59	0.247439	0.481178	-0.0538256	0.0790472	-1536.65
11.6	0.252206	0.476672	-0.0530282	0.0797363	-1556.07
11.61	0.256927	0.472038	-0.0522243	0.0803958	-1584.74
11.62	0.261599	0.467276	-0.051414	0.0810252	-1606.52
11.63	0.266223	0.46239	-0.0505978	0.081625	-1627.95
11.64	0.270797	0.457382	-0.0497758	0.0821951	-1646.18
11.65	0.27532	0.452255	-0.0489485	0.0827358	-1671.06
11.66	0.27979	0.44701	-0.048116	0.0832468	-1687.87
11.67	0.284206	0.441652	-0.0472787	0.0837287	-1709.82
11.68	0.288568	0.436182	-0.0464369	0.0841812	-1733.17
11.69	0.292874	0.430601	-0.0455909	0.0846044	-1752.83
11.7	0.297123	0.424913	-0.0447409	0.0849987	-1773.67
11.71	0.301314	0.419122	-0.0438872	0.0853641	-1786.29
11.72	0.305447	0.41323	-0.0430302	0.0857013	-1800.95
11.73	0.309519	0.407242	-0.0421701	0.0860105	-1817.1
11.74	0.313531	0.401159	-0.0413072	0.0862916	-1838.57
11.75	0.31748	0.394982	-0.0404418	0.0865447	-1848.53
11.76	0.321368	0.388718	-0.039574	0.0867706	-1868.48
11.77	0.325191	0.382367	-0.0387044	0.0869691	-1880.5
11.78	0.328951	0.375933	-0.037833	0.0871408	-1889.3
11.79	0.332645	0.369421	-0.0369601	0.0872863	-1902.9
11.8	0.336273	0.362833	-0.036086	0.0874055	-1902.9
11.81	0.339835	0.356175	-0.035211	0.0874997	-1926.71
11.82	0.343329	0.349443	-0.0343354	0.0875677	-1937.06
11.83	0.346756	0.342645	-0.0334593	0.0876107	-1946.35
11.84	0.350114	0.335785	-0.032583	0.0876291	-1952.59
11.85	0.353402	0.328864	-0.0317067	0.0876235	-1960.93
11.86	0.356621	0.321888	-0.0308308	0.087594	-1965.69
11.87	0.35977	0.314858	-0.0299554	0.0875414	-1971.02
11.88	0.362848	0.30778	-0.0290807	0.0874661	-1970.74
11.89	0.365854	0.300656	-0.028207	0.0873687	-1974.91
11.9	0.368789	0.29349	-0.0273345	0.0872495	-1981.23
11.91	0.371652	0.286284	-0.0264634	0.0871087	-1984.05
11.92	0.374442	0.279041	-0.025594	0.086947	-1984.78
11.93	0.37716	0.271766	-0.0247263	0.0867651	-1987.06
11.94	0.379805	0.264462	-0.0238607	0.0865632	-1987.2
11.95	0.382376	0.257131	-0.0229973	0.086342	-1985.06
11.96	0.384874	0.249779	-0.0221362	0.0861021	-1983.24
11.97	0.387298	0.242407	-0.0212778	0.0858441	-1978.31
11.98	0.389648	0.23502	-0.0204221	0.0855685	-1975.06
11.99	0.391924	0.22762	-0.0195694	0.0852758	-1973.21
12	0.394126	0.22021	-0.0187197	0.0849664	-1966.52
12.01	0.396254	0.212795	-0.0178733	0.0846411	-1961.67
12.02	0.398308	0.205377	-0.0170303	0.0843004	-1955.75
12.03	0.400288	0.197959	-0.0161908	0.0839448	-1948.75
12.04	0.402193	0.190545	-0.0153551	0.0835749	-1940.87
12.05	0.404024	0.183137	-0.0145232	0.0831913	-1933.5
12.06	0.405782	0.175738	-0.0136952	0.0827945	-1921.67
12.07	0.407465	0.168352	-0.0128714	0.0823854	-1911.81
12.08	0.409075	0.160983	-0.0120517	0.0819643	-1904.24
12.09	0.410611	0.15363	-0.0112364	0.0815316	-1894.07
12.1	0.412074	0.146299	-0.0104255	0.0810881	-1883.25
12.11	0.413464	0.138992	-0.0096192	0.0806343	-1871.56
12.12	0.414781	0.131712	-0.00881749	0.0801708	-1861.41
12.13	0.416026	0.124461	-0.00802051	0.0796981	-1850.59
12.14	0.417198	0.117241	-0.00722834	0.0792167	-1838.11
12.15	0.418299	0.110055	-0.00644107	0.0787273	-1825.89
12.16	0.419328	0.102907	-0.00565877	0.0782304	-1816.47
12.17	0.420286	0.0957962	-0.0048815	0.0777263	-1804.49
12.18	0.421173	0.0887272	-0.00410934	0.0772158	-1791.36
12.19	0.42199	0.081702	-0.00334235	0.0766995	-1780.55
12.2	0.422738	0.0747222	-0.00258057	0.0761776	-1766.82
12.21	0.423415	0.0677905	-0.00182406	0.075651	-1751.99
12.22	0.424025	0.0609093	-0.00107286	0.0751202	-1733.77
12.23	0.424565	0.0540815	-0.000327003	0.0745859	-1716.37
12.24	0.425038	0.0473087	0.000413482	0.0740485	-1697.43
12.25	0.425444	0.0405931	0.00114857	0.0735088	-1678.25
12.26	0.425784	0.0339366	0.00187824	0.0729671	-1654.21
12.27	0.426057	0.027342	0.00260248	0.0724242	-1631.21
12.28	0.426265	0.0208108	0.00332129	0.0718806	-1609.57
12.29	0.426409	0.0143441	0.00403465	0.0713366	-1584.57
12.3	0.426488	0.0079441	0.00474258	0.070793	-1562.9
12.31	0.426504	0.00161147	0.00544508	0.0702498	-1540.43
12.32	0.426458	-0.00465237	0.00614216	0.0697078	-1515.58
12.33	0.426349	-0.0108455	0.00683383	0.0691673	-1490.72
12.34	0.42618	-0.0169669	0.00752012	0.0686288	-1463.2
12.35	0.425949	-0.0230147	0.00820105	0.0680929	-1432.23
12.36	0.42566	-0.028987	0.00887665	0.0675603	-1402.72
12.37	0.425311	-0.0348833	0.00954696	0.0670312	-1375.23
12.38	0.424904	-0.0407033	0.010212	0.0665058	-1343.39
12.39	0.424439	-0.0464451	0.0108719	0.0659848	-1310.01
12.4	0.423918	-0.0521076	0.0115266	0.0654686	-1281.31
12.41	0.423341	-0.0576913	0.0121761	0.0649574	-1248.3
12.42	0.422709	-0.0631948	0.0128206	0.0644516	-1215.9
12.43	0.422023	-0.0686177	0.0134602	0.0639516	-1181.01
12.44	0.421284	-0.0739589	0.0140947	0.0634578	-1145.92
12.45	0.420491	-0.0792182	0.0147244	0.0629705	-1113.54
12.46	0.419647	-0.0843959	0.0153493	0.0624898	-1080.5
12.47	0.418753	-0.0894919	0.0159695	0.062016	-1046.21
12.48	0.417807	-0.0945057	0.016585	0.0615495	-1008.19
12.49	0.416813	-0.0994364	0.0171959	0.0610907	-971.716
12.5	0.41577	-0.104284	0.0178023	0.0606397	-929.525
12.51	0.41468	-0.109048	0.0184043	0.0601971	-886.014
12.52	0.413543	-0.113728	0.0190019	0.0597632	-843.563
12.53	0.412359	-0.118324	0.0195953	0.0593381	-802.665
12.54	0.411131	-0.122838	0.0201845	0.0589217	-757.196
12.55	0.409858	-0.127268	0.0207697	0.0585147	-713.447
12.56	0.408542	-0.131616	0.0213508	0.0581169	-665.812
12.57	0.407183	-0.13588	0.0219281	0.0577288	-618.279
12.58	0.405783	-0.140062	0.0225016	0.0573504	-568.731
12.59	0.404341	-0.144162	0.0230714	0.056982	-568.731
12.6	0.402859	-0.148194	0.0236376	0.0566204	-466.72
12.61	0.401338	-0.152132	0.0242004	0.0562723	-412.597
12.62	0.399778	-0.155989	0.0247597	0.0559345	-356.64
12.63	0.39818	-0.159765	0.0253158	0.0556073	-294.318
12.64	0.396546	-0.163461	0.0258687	0.0552909	-231.572
12.65	0.394875	-0.167076	0.0264185	0.0549856	-162.419
12.66	0.393169	-0.170611	0.0269655	0.0546915	-90.2435
12.67	0.391428	-0.174066	0.0275095	0.054409	-4.68478
12.68	0.389654	-0.177439	0.0280509	0.0541387	92.8249
12.69	0.387846	-0.180727	0.0285897	0.0538813	196.822
12.7	0.386007	-0.183931	0.0291261	0.0536372	314.641
12.71	0.384137	-0.187048	0.0296602	0.0534072	431.417
12.72	0.382236	-0.19008	0.0301921	0.0531909	545.186
12.73	0.380306	-0.193029	0.030722	0.0529881	664.572
12.74	0.378347	-0.195896	0.03125	0.0527991	790.814
12.75	0.37636	-0.198681	0.0317762	0.0526239	936.418
12.76	0.374346	-0.201379	0.0323008	0.0524637	1105.89
12.77	0.372306	-0.203986	0.032824	0.0523198	1313.07
12.78	0.370241	-0.206495	0.033346	0.0521942	1553.1
12.79	0.368152	-0.208898	0.0338669	0.0520889	1816.56
12.8	0.36604	-0.211191	0.0343869	0.052005	2129.27
12.81	0.363907	-0.213364	0.0349064	0.0519453	2479.37
12.82	0.361753	-0.215408	0.0354255	0.0519119	2808.95
12.83	0.359579	-0.217331	0.0359445	0.0519031	3136.19
12.84	0.357388	-0.219136	0.0364637	0.0519184	3505.48
12.85	0.35518	-0.220813	0.0369833	0.05196	3914.14
12.86	0.352956	-0.222357	0.0375036	0.0520301	4464.23
12.87	0.350719	-0.22373	0.038025	0.052137	5136.91
12.88	0.34847	-0.224903	0.0385479	0.0522881	5819.23
12.89	0.346211	-0.225878	0.0390727	0.0524834	6441.52
12.9	0.343944	-0.226671	0.0395999	0.0527185	6976.51
12.91	0.341671	-0.227311	0.0401298	0.0529873	7759.88
12.92	0.339394	-0.227733	0.0406628	0.053305	8669.31
12.93	0.337115	-0.227908	0.0411996	0.0536787	9388.58
12.94	0.334836	-0.227889	0.0417406	0.0540958	9952.79
12.95	0.332559	-0.227722	0.042286	0.0545456	10462.4
12.96	0.330284	-0.227425	0.0428363	0.055024	10925
12.97	0.328014	-0.227012	0.0433915	0.0555271	11388
12.98	0.325749	-0.226489	0.0439521	0.0560542	11747.9
12.99	0.323491	-0.225886	0.044518	0.056598	12001.5
13	0.321238	-0.225236	0.0450896	0.0571507	12240.3
13.01	0.318993	-0.224545	0.0456667	0.0577107	12481.8
13.02	0.316755	-0.223817	0.0462494	0.0582772	12757.2
13.03	0.314524	-0.223046	0.0468379	0.0588515	13006.8
13.04	0.312302	-0.222244	0.0474323	0.0594311	13184.9
13.05	0.310087	-0.221433	0.0480324	0.0600105	13319
13.06	0.307881	-0.220628	0.0486382	0.0605861	13465.5
13.07	0.305683	-0.219829	0.0492498	0.0611578	13659.7
13.08	0.303493	-0.219028	0.0498671	0.0617276	13869.9
13.09	0.30131	-0.218224	0.05049	0.0622957	14071.6
13.1	0.299136	-0.217423	0.0511186	0.0628607	14246.2
13.11	0.29697	-0.216635	0.0517528	0.0634199	14395.6
13.12	0.294811	-0.215871	0.0523925	0.0639708	14556.9
13.13	0.29266	-0.21513	0.0530377	0.0645133	14741.9
13.14	0.290516	-0.21441	0.0536882	0.0650481	14919
13.15	0.288378	-0.213715	0.0543439	0.0655736	15081.1
13.16	0.286248	-0.213054	0.0550048	0.0660881	15233.8
13.17	0.284124	-0.212432	0.0556707	0.0665901	15382.3
13.18	0.282005	-0.211852	0.0563415	0.0670785	15526
13.19	0.279892	-0.21132	0.057017	0.0675521	15680.4
13.2	0.277784	-0.210834	0.0576971	0.0680107	15822.7
13.21	0.27568	-0.210401	0.0583816	0.0684527	15951.9
13.22	0.273579	-0.210028	0.0590704	0.0688765	16064.3
13.23	0.271482	-0.209721	0.0597632	0.0692802	16164
13.24	0.269387	-0.209485	0.0604598	0.0696621	16268.5
13.25	0.267294	-0.209323	0.06116	0.0700218	16376.7
13.26	0.265202	-0.209235	0.0618636	0.0703587	16461.2
13.27	0.263109	-0.20923	0.0625703	0.0706707	16546.2
13.28	0.261016	-0.20931	0.0632799	0.0709568	16627.4
13.29	0.258921	-0.209477	0.0639921	0.0712163	16702.5
13.3	0.256824	-0.209736	0.0647065	0.071448	16778.2
13.31	0.254723	-0.210086	0.065423	0.0716513	16839.4
13.32	0.252618	-0.210535	0.0661413	0.0718245	16887
13.33	0.250507	-0.211087	0.066861	0.0719662	16934
13.34	0.24839	-0.211743	0.0675817	0.0720758	16987.8
13.35	0.246265	-0.212502	0.0683032	0.072153	17034.2
13.36	0.244131	-0.213369	0.0690252	0.0721968	17065.1
13.37	0.241987	-0.214347	0.0697473	0.0722057	17098.9
13.38	0.239833	-0.215437	0.0704691	0.0721794	17133.8
13.39	0.237667	-0.216638	0.0711902	0.0721173	17172.4
13.4	0.235487	-0.217952	0.0719104	0.0720194	17188
13.41	0.233293	-0.219383	0.0726293	0.0718837	17209.1
13.42	0.231084	-0.22093	0.0733464	0.07171	17229.4
13.43	0.228858	-0.222595	0.0740613	0.0714981	17240.7
13.44	0.226614	-0.224378	0.0747738	0.0712469	17248
13.45	0.224351	-0.226282	0.0754834	0.0709559	17259.1
13.46	0.222068	-0.228304	0.0761896	0.070625	17258.9
13.47	0.219764	-0.230446	0.0768922	0.0702532	17256.8
13.48	0.217437	-0.23271	0.0775906	0.0698402	17256.1
13.49	0.215086	-0.235093	0.0782844	0.0693858	17245.2
13.5	0.21271	-0.237598	0.0789733	0.0688893	17248.5
13.51	0.210308	-0.240219	0.0796568	0.0683513	17239.4
13.52	0.207878	-0.242958	0.0803345	0.0677711	17229.3
13.53	0.20542	-0.245814	0.081006	0.0671483	17215.9
13.54	0.202932	-0.248787	0.0816708	0.0664829	17202.5
13.55	0.200413	-0.251875	0.0823286	0.0657747	17191
13.56	0.197863	-0.255076	0.0829788	0.0650239	17168.8
13.57	0.195279	-0.25839	0.0836211	0.0642299	17157.6
13.58	0.192661	-0.261812	0.0842551	0.0633934	17119.8
13.59	0.190007	-0.265348	0.0848802	0.0625128	17096
13.6	0.187317	-0.26899	0.0854961	0.0615893	17079.9
13.61	0.18459	-0.272735	0.0861023	0.0606235	17055.1
13.62	0.181824	-0.276583	0.0866985	0.059615	17036.8
13.63	0.179019	-0.280528	0.0872841	0.0585644	17016.2
13.64	0.176173	-0.284568	0.0878588	0.057472	16996.6
13.65	0.173286	-0.288701	0.0884222	0.0563381	16968.4
13.66	0.170357	-0.292925	0.0889738	0.0551624	16941.4
13.67	0.167384	-0.297237	0.0895133	0.0539455	16920.2
13.68	0.164368	-0.301632	0.0900402	0.052688	16897.3
13.69	0.161307	-0.306107	0.0905541	0.0513904	16873.3
13.7	0.158201	-0.310658	0.0910546	0.050053	16834.4
13.71	0.155048	-0.315286	0.0915414	0.0486754	16806.9
13.72	0.151848	-0.319984	0.0920139	0.0472588	16794.1
13.73	0.1486	-0.324745	0.092472	0.0458047	16763.3
13.74	0.145305	-0.329568	0.0929151	0.0443126	16739.9
13.75	0.14196	-0.334448	0.093343	0.0427836	16717.8
13.76	0.138566	-0.339382	0.0937551	0.0412183	16695.3
13.77	0.135123	-0.344363	0.0941513	0.0396174	16686.5
13.78	0.131629	-0.349385	0.0945311	0.0379825	16662.5
13.79	0.128084	-0.354447	0.0948943	0.0363134	16643.7
13.8	0.124489	-0.359543	0.0952404	0.0346112	16634.9
13.81	0.120842	-0.364666	0.0955692	0.0328772	16599.4
13.82	0.117144	-0.369819	0.0958803	0.0311106	16583.4
13.83	0.113394	-0.374991	0.0961734	0.0293135	16566.5
13.84	0.109592	-0.380179	0.0964483	0.0274866	16556.9
13.85	0.105739	-0.385375	0.0967046	0.0256314	16542.6
13.86	0.101833	-0.390576	0.0969421	0.0237484	16532
13.87	0.0978752	-0.395775	0.0971604	0.0218388	16511.6
13.88	0.0938655	-0.400972	0.0973595	0.0199029	16502.3
13.89	0.0898039	-0.406157	0.0975389	0.0179425	16494.7
13.9	0.0856906	-0.411325	0.0976985	0.0159586	16486.9
13.91	0.0815259	-0.416472	0.097838	0.0139523	16487.1
13.92	0.07731	-0.42159	0.0979573	0.0119251	16478.5
13.93	0.0730433	-0.426676	0.098056	0.00987754	16468.8
13.94	0.068726	-0.431725	0.0981341	0.00781061	16464.6
13.95	0.0643587	-0.436731	0.0981914	0.00572577	16452.5
13.96	0.0599418	-0.441691	0.0982276	0.00362364	16455.9
13.97	0.0554759	-0.446595	0.0982427	0.00150635	16439.8
13.98	0.0509614	-0.451444	0.0982364	-0.000626204	16450.5
13.99	0.0463992	-0.456225	0.0982087	-0.00277114	16448.2
14	0.0417898	-0.460936	0.0981594	-0.00492811	16437.7
14.01	0.037134	-0.465576	0.0980885	-0.00709645	16450.7
14.02	0.0324327	-0.470131	0.0979957	-0.00927349	16444
14.03	0.0276867	-0.474604	0.0978812	-0.0114593	16453.7
14.04	0.0228969	-0.478983	0.0977446	-0.0136515	16469.6
14.05	0.0180642	-0.483264	0.0975862	-0.0158486	16486.7
